# LbyR, T, F, error
0.006, 0.8048, -1192.45665925441, -1.10609e-05
0.0065, 0.8052, -1015.83000794617, -1.36409e-05
0.007, 0.806, -875.701124845342, -1.07655e-05
0.0075, 0.806, -762.667717517175, -1.33237e-05
0.008, 0.8064, -670.170183355523, -1.1294e-05
0.008196476975224, 0.806557181580179, -638.373113479989, -1.07265e-05
0.008397779350671, 0.806718223480537, -608.083667322575, -1.005e-05
0.008604025636348, 0.806883220509079, -579.230393007397, -9.49393e-06
0.00881533725282, 0.807052269802256, -551.745429178762, -8.99034e-06
0.009031838602696, 0.807225470882157, -525.563921031689, -8.4393e-06
0.009253657143867, 0.807402925715094, -500.623891450492, -7.94902e-06
0.00948092346454, 0.807584738771632, -476.866500096651, -7.6183e-06
0.00971377136012, 0.807771017088096, -454.235693095488, -7.11719e-06
0.009952337911976, 0.807961870329581, -432.678255415839, -6.64265e-06
0.010196763568144, 0.808157410854516, -412.143307162772, -6.36063e-06
0.010447192226012, 0.808357753780809, -392.582033502941, -5.93629e-06
0.01070377131703, 0.808563017053624, -373.948624485365, -5.69997e-06
0.010966651893512, 0.808773321514809, -356.199095390903, -5.37811e-06
0.011235988717558, 0.808988790974046, -339.291222802636, -5.06187e-06
0.011511940352167, 0.809209552281733, -323.185429314642, -4.72433e-06
0.011794669254585, 0.809435735403668, -307.843690689588, -4.51921e-06
0.012084341871948, 0.809667473497559, -293.229483695146, -4.25494e-06
0.012381128739269, 0.809904902991415, -279.308617041921, -3.97763e-06
0.012685204579837, 0.81014816366387, -266.048075648513, -3.77274e-06
0.012996748408079, 0.810397398726463, -253.416696760629, -3.56589e-06
0.01331594363495, 0.81065275490796, -241.384512583479, -3.3371e-06
0.013642978175905, 0.810914382540724, -229.923116986954, -3.17505e-06
0.013978044561535, 0.811182435649228, -219.005449198248, -2.97492e-06
0.014321340050909, 0.811457072040727, -208.605730183754, -2.78865e-06
0.014673066747703, 0.811738453398162, -198.699529500892, -2.66137e-06
0.015033431719183, 0.812026745375347, -189.263322716664, -2.49723e-06
0.01540264711811, 0.812322117694488, -180.274945329427, -2.3652e-06
0.015780930307635, 0.812624744246108, -171.712928651676, -2.25012e-06
0.016168503989268, 0.812934803191414, -163.55728607104, -2.09257e-06
0.01656559633398, 0.813252477067184, -155.788635364777, -1.98268e-06
0.01697244111654, 0.813577952893232, -148.388626297801, -1.84335e-06
0.017389277853132, 0.813911422282505, -141.339777918136, -1.76692e-06
0.01781635194237, 0.814253081553896, -134.625542824412, -1.64701e-06
0.018253914809764, 0.814603131847812, -128.229948788726, -1.58665e-06
0.018702224055741, 0.814961779244593, -122.137885421911, -1.47641e-06
0.019161543607294, 0.815329234885835, -116.33495815931, -1.38153e-06
0.019632143873366, 0.815705715098693, -110.807454348564, -1.31344e-06
0.02011430190404, 0.816091441523232, -105.542404966003, -1.32436e-06
0.020608301553645, 0.816486641242916, -100.527178214461, -1.24311e-06
0.021114433647864, 0.816891546918292, -95.7501057948768, -1.14929e-06
0.021632996154951, 0.817306396923961, -91.1998025164644, -1.09879e-06
0.022164294361144, 0.817731435488915, -86.8655980526819, -1.01897e-06
0.022708641050399, 0.81816691284032, -82.73707353581, -1.01603e-06
0.023266356688527, 0.818613085350822, -78.8046368122067, -9.1148e-07
0.023837769611856, 0.819070215689485, -75.0588257757155, -8.62711e-07
0.024423216220533, 0.819538572976426, -71.4909447842446, -8.23586e-07
0.025023041176563, 0.820018432941251, -68.0924749712118, -7.68913e-07
0.025637597606721, 0.820510078085377, -64.8553792884342, -7.23444e-07
0.026267247310442, 0.821013797848354, -61.7720753045583, -6.93997e-07
0.026912360972818, 0.821529888778254, -58.8351220037307, -6.37338e-07
0.027573318382826, 0.822058654706261, -56.0377164911992, -6.18283e-07
0.028250508656918, 0.822600406925534, -53.373099813723, -6.09127e-07
0.028944330468097, 0.823155464374478, -50.8351066405317, -5.37956e-07
0.029655192280628, 0.823724153824502, -48.4176615005973, -5.15484e-07
0.030383512590499, 0.824306810072399, -46.1150441285113, -4.901e-07
0.031129720171805, 0.824903776137444, -43.9218053670574, -4.747e-07
0.031894254329169, 0.825515403463336, -41.8328165412145, -4.39011e-07
0.03267756515637, 0.826142052125096, -39.8430084103805, -4.20902e-07
0.033480113801319, 0.826784091041056, -37.9477923546434, -3.98332e-07
0.034302372737547, 0.827441898190038, -36.142563140096, -3.71824e-07
0.035144826042355, 0.828115860833884, -34.4231633204826, -3.52603e-07
0.0360079696818, 0.82880637574544, -32.7854625243051, -3.28682e-07
0.036892311802678, 0.829513849442143, -31.2255828509981, -3.15181e-07
0.037798373031678, 0.830238698425342, -29.7398301997575, -2.99718e-07
0.038726686781882, 0.830981349425506, -28.3246855802457, -2.77968e-07
0.039677799566799, 0.831742239653439, -26.976796808916, -2.7303e-07
0.0406522713221, 0.83252181705768, -25.6930204674724, -2.58063e-07
0.041650675735267, 0.833320540588214, -24.4702154066733, -2.46947e-07
0.042673600583327, 0.834138880466662, -23.3055336252833, -2.29207e-07
0.043721648078891, 0.834977318463113, -22.1962634455981, -2.12828e-07
0.044795435224682, 0.835836348179746, -21.1397259878853, -2.03984e-07
0.045895594176779, 0.836716475341423, -20.1333728901342, -1.94588e-07
0.047022772616771, 0.837618218093417, -19.1749096287417, -1.79677e-07
0.048177634133067, 0.838542107306454, -18.2620177370306, -1.78016e-07
0.049360858611554, 0.839488686889243, -17.3925329018186, -1.665e-07
0.050573142635858, 0.840458514108687, -16.5643934512141, -1.48576e-07
0.051815199897439, 0.841452159917951, -15.7756354775331, -1.48781e-07
0.053087761615745, 0.842470209292596, -15.0243881809081, -1.34561e-07
0.054391576968702, 0.843513261574961, -14.3089090911319, -1.29216e-07
0.055727413533758, 0.844581930827007, -13.6274219423843, -1.23093e-07
0.057096057739776, 0.845676846191821, -12.9783490605596, -1.14898e-07
0.058498315330014, 0.846798652264011, -12.3601879578452, -1.06028e-07
0.059935011836478, 0.847948009469183, -11.7713968330015, -1.05417e-07
0.061406993065931, 0.849125594452745, -11.2106515498209, -1.01382e-07
0.062915125597827, 0.850332100478262, -10.6765489595589, -9.34143e-08
0.064460297294486, 0.851568237835589, -10.1678926096089, -8.90081e-08
0.06604341782379, 0.852834734259032, -9.6834382931075, -8.799e-08
0.06766541919472, 0.854132335355776, -9.22203588507978, -8.47144e-08
0.069327256306047, 0.855461805044838, -8.78255762261342, -7.4926e-08
0.071029907508492, 0.856823926006794, -8.36402536403426, -7.72676e-08
0.072774375180702, 0.858219500144562, -7.9654115731743, -6.6651e-08
0.074561686319363, 0.859649349055491, -7.58576936159633, -6.10061e-08
0.076392893143813, 0.86111431451505, -7.22419676985082, -6.12244e-08
0.078269073715497, 0.862615258972398, -6.87983463039687, -6.00719e-08
0.080191332572643, 0.864153066058115, -6.55189378337115, -5.733e-08
0.082160801380521, 0.865728641104416, -6.23953647109346, -5.70968e-08
0.084178639597669, 0.867342911678135, -5.942049321701, -5.28741e-08
0.086246035158492, 0.868996828126794, -5.65872500788796, -5.18769e-08
0.088364205172613, 0.87069136413809, -5.38891690601101, -4.68823e-08
0.090534396641407, 0.872427517313125, -5.13193002537649, -4.42665e-08
0.092757887192131, 0.874206309753705, -4.88717933566869, -4.20343e-08
0.095035985830086, 0.876028788664069, -4.65410900061907, -3.95131e-08
0.097370033709246, 0.877896026967397, -4.43211302539373, -3.58863e-08
0.099761404921823, 0.879809123937458, -4.22071358497802, -3.5645e-08
0.102211507307209, 0.881769205845767, -4.0193584583068, -3.49229e-08
0.104721783280804, 0.883777426624643, -3.8276170928266, -3.35656e-08
0.107293710683183, 0.885834968546547, -3.64498489253854, -2.8321e-08
0.109928803650126, 0.887943042920101, -3.47107544032756, -2.92513e-08
0.112628613504016, 0.890102890803213, -3.30544973061354, -2.57456e-08
0.115394729667128, 0.892315783733702, -3.14769166764358, -2.53876e-08
0.118228780597345, 0.894583024477876, -2.99747132921174, -2.2397e-08
0.121132434746862, 0.89690594779749, -2.85440742695762, -2.28991e-08
0.124107401544429, 0.899285921235543, -2.71815937848279, -2.18241e-08
0.127155432401717, 0.901724345921374, -2.58838159346483, -1.92234e-08
0.130278321744408, 0.904222657395527, -2.46480847299742, -2.00273e-08
0.133477908068601, 0.906782326454881, -2.34712334546473, -1.80631e-08
0.136756075023162, 0.90940486001853, -2.23504589649051, -1.76202e-08
0.140114752518662, 0.91209180201493, -2.12830912898495, -1.64008e-08
0.143555917863545, 0.914844734290836, -2.02665873734186, -1.57766e-08
0.147081596928204, 0.917665277542563, -1.92985250095832, -1.43548e-08
0.150693865337642, 0.920555092270114, -1.8376597144556, -1.33641e-08
0.154394849693428, 0.923515879754742, -1.74986063877134, -1.36225e-08
0.158186728825661, 0.926549383060529, -1.66624597845248, -1.3292e-08
0.162071735075683, 0.929657388060546, -1.58661638834757, -1.12286e-08
0.166052155610296, 0.932841724488237, -1.51078199867788, -1.05278e-08
0.170130333768254, 0.936104267014603, -1.43856196338582, -1.00991e-08
0.174308670439824, 0.939446936351859, -1.36978403001442, -1.08967e-08
0.178589625480231, 0.942871700384185, -1.3043028065311, -9.52497e-09
0.182975719157814, 0.946380575326252, -1.24192556942092, -9.48039e-09
0.18746953363775, 0.9499756269102, -1.18252145086627, -7.71943e-09
0.192073714502215, 0.953658971601772, -1.12594868496114, -7.81823e-09
0.196790972307883, 0.957432777846307, -1.07207222865874, -6.72426e-09
0.201624084181678, 0.961299267345342, -1.02078186332547, -7.61994e-09
0.206575895455708, 0.965260716364566, -0.971919920116209, -6.55566e-09
0.211649321342362, 0.96931945707389, -0.925402187767978, -7.21624e-09
0.216847348650545, 0.973477878920436, -0.881100052047195, -6.28151e-09
0.222173037544059, 0.977738430035247, -0.83890843714219, -5.41471e-09
0.22762952334317, 0.982103618674536, -0.798727161846444, -4.52091e-09
0.233220018370426, 0.986576014696341, -0.760460730030668, -5.44213e-09
0.238947813841802, 0.991158251073441, -0.724018122842674, -5.21296e-09
0.244816281804292, 0.995853025443433, -0.689312603530127, -4.85989e-09
0.25082887712109, 1.00066310169687, -0.656261524104122, -4.15095e-09
0.256989139505524, 1.00559131160442, -0.624786141474832, -3.79014e-09
0.263300695604943, 1.01064055648395, -0.594811437824441, -3.41745e-09
0.269767261135783, 1.01581380890863, -0.566265950882426, -4.03223e-09
0.276392643071071, 1.02111411445686, -0.539081608134888, -3.68251e-09
0.283180741881653, 1.02654459350532, -0.513193571507306, -4.00969e-09
0.290135553832462, 1.03210844306597, -0.488540083229091, -3.60725e-09
0.297261173335189, 1.03780893866815, -0.46506232523584, -3.50727e-09
0.304561795358727, 1.04364943628698, -0.442704277972623, -3.20856e-09
0.312041717898819, 1.04963337431906, -0.421412590019832, -2.19714e-09
0.31970534450836, 1.05576427560669, -0.401136452323603, -2.08557e-09
0.327557186889836, 1.06204574951187, -0.381827476423603, -1.92113e-09
0.335601867551443, 1.06848149404116, -0.363439581275415, -2.03653e-09
0.343844122528429, 1.07507529802274, -0.345928882726556, -2.22961e-09
0.352288804171277, 1.08183104333702, -0.329253589424459, -2.10825e-09
0.360940884002365, 1.08875270720189, -0.313373904239061, -2.22135e-09
0.369805455642778, 1.09584436451422, -0.298251927682484, -1.53977e-09
0.378887737811011, 1.10311019024881, -0.283851569702943, -1.47883e-09
0.388193077395311, 1.11055446191625, -0.270138461639591, -1.52277e-09
0.397726952601481, 1.11818156208119, -0.257079875018726, -1.56335e-09
0.407494976177984, 1.12599598094239, -0.244644643267975, -1.13635e-09
0.417502898720265, 1.13400231897621, -0.232803087940552, -1.35874e-09
0.427756612056219, 1.14220528964498, -0.221526946204162, -1.39941e-09
0.438262152714804, 1.15060972217184, -0.21078930470294, -1.00787e-09
0.449025705479851, 1.15922056438388, -0.20056453509768, -1.0369e-09
0.460053607031139, 1.16804288562491, -0.190828231975654, -1.18399e-09
0.471352349674911, 1.17708187973993, -0.181557154580893, -7.53546e-10
0.482928585165991, 1.18634286813279, -0.172729172546622, -8.64965e-10
0.494789128623792, 1.19583130289903, -0.164323211119134, -1.13821e-09
0.506940962544481, 1.20555277003559, -0.156319201290007, -8.98602e-10
0.519391240911688, 1.21551299272935, -0.148698032754014, -1.00099e-09
0.532147293408181, 1.22571783472654, -0.141441506579837, -6.50025e-10
0.545216629730962, 1.23617330378477, -0.134532293376431, -8.33608e-10
0.558606944012352, 1.24688555520988, -0.127953889610218, -5.38171e-10
0.572326119349656, 1.25786089547973, -0.121690580457583, -6.52748e-10
0.586382232446063, 1.26910578595685, -0.115727400002834, -4.35348e-10
0.600783558365544, 1.28062684669244, -0.110050097188321, -5.6062e-10
0.615538575404508, 1.29243086032361, -0.104645100036429, -3.48824e-10
0.63065597008312, 1.3045247760665, -0.0994994848410703, -5.7632e-10
0.646144642259197, 1.31691571380736, -0.0946009432760966, -4.79108e-10
0.662013710367697, 1.32961096829416, -0.0899377547176053, -6.06172e-10
0.678272516788893, 1.34261801343111, -0.0854987566826876, -3.90661e-10
0.694930633348388, 1.35594450667871, -0.0812733195407866, -5.59726e-10
0.711997866952199, 1.36959829356176, -0.0772513192606558, -3.83071e-10
0.729484265360248, 1.3835874122882, -0.0734231148234574, -2.454e-10
0.747400123101644, 1.39792009848131, -0.0697795243200101, -3.71595e-10
0.765755987535235, 1.41260479002819, -0.0663118024898805, -2.4011e-10
0.784562665059017, 1.42765013204721, -0.0630116210406812, -4.14985e-10
0.803831227472034, 1.44306498197763, -0.0598710471502411, -3.20755e-10
0.823573018492528, 1.45885841479402, -0.0568825257879333, -2.09564e-10
0.843799660436172, 1.47503972834894, -0.0540388611326396, -3.51716e-10
0.864523061058318, 1.49161844884665, -0.0513331987174691, -2.7676e-10
0.885755420564287, 1.50860433645143, -0.0487590100218186, -1.82415e-10
0.907509238791831, 1.52600739103346, -0.046310076451997, -3.12074e-10
0.929797322569988, 1.54383785805599, -0.0439804738197139, -1.96354e-10
0.952632793258678, 1.56210623460694, -0.0417645593074809, -1.37883e-10
0.976029094473458, 1.58082327557877, -0.0396569572488448, -2.77451e-10
1, 1.6, -0.0376525459362567, -1.71574e-10
