# measured optical dielectric function eps_r = eps1 + i*eps2 for single-crystal
# gold.
# https://journals.aps.org/prb/abstract/10.1103/PhysRevB.86.235147
# E (eV)    lambda (µm) eps1        eps2        n           k
4.133E+00	3.000E-07	-8.964E-01	5.708E+00	1.562E+00	1.827E+00
3.999E+00	3.100E-07	-7.807E-01	5.909E+00	1.609E+00	1.836E+00
3.874E+00	3.200E-07	-6.334E-01	5.991E+00	1.642E+00	1.825E+00
3.757E+00	3.300E-07	-5.130E-01	5.974E+00	1.656E+00	1.804E+00
3.647E+00	3.400E-07	-4.588E-01	5.887E+00	1.650E+00	1.784E+00
3.542E+00	3.500E-07	-4.937E-01	5.769E+00	1.627E+00	1.773E+00
3.444E+00	3.600E-07	-6.153E-01	5.672E+00	1.595E+00	1.778E+00
3.351E+00	3.700E-07	-7.881E-01	5.639E+00	1.566E+00	1.800E+00
3.263E+00	3.800E-07	-9.519E-01	5.679E+00	1.550E+00	1.832E+00
3.179E+00	3.900E-07	-1.052E+00	5.758E+00	1.549E+00	1.858E+00
3.100E+00	4.000E-07	-1.076E+00	5.810E+00	1.554E+00	1.869E+00
3.024E+00	4.100E-07	-1.061E+00	5.781E+00	1.552E+00	1.863E+00
2.952E+00	4.200E-07	-1.070E+00	5.673E+00	1.533E+00	1.850E+00
2.883E+00	4.300E-07	-1.128E+00	5.535E+00	1.503E+00	1.841E+00
2.818E+00	4.400E-07	-1.194E+00	5.404E+00	1.473E+00	1.834E+00
2.755E+00	4.500E-07	-1.210E+00	5.242E+00	1.444E+00	1.815E+00
2.695E+00	4.600E-07	-1.189E+00	4.963E+00	1.399E+00	1.774E+00
2.638E+00	4.700E-07	-1.225E+00	4.519E+00	1.315E+00	1.719E+00
2.583E+00	4.800E-07	-1.421E+00	3.954E+00	1.179E+00	1.677E+00
2.530E+00	4.900E-07	-1.816E+00	3.370E+00	1.003E+00	1.680E+00
2.480E+00	5.000E-07	-2.377E+00	2.856E+00	8.181E-01	1.745E+00
2.431E+00	5.100E-07	-3.038E+00	2.453E+00	6.582E-01	1.863E+00
2.384E+00	5.200E-07	-3.737E+00	2.158E+00	5.376E-01	2.007E+00
2.339E+00	5.300E-07	-4.440E+00	1.946E+00	4.515E-01	2.155E+00
2.296E+00	5.400E-07	-5.130E+00	1.791E+00	3.897E-01	2.298E+00
2.254E+00	5.500E-07	-5.807E+00	1.673E+00	3.437E-01	2.434E+00
2.214E+00	5.600E-07	-6.473E+00	1.578E+00	3.078E-01	2.563E+00
2.175E+00	5.700E-07	-7.133E+00	1.499E+00	2.790E-01	2.685E+00
2.138E+00	5.800E-07	-7.790E+00	1.431E+00	2.553E-01	2.803E+00
2.101E+00	5.900E-07	-8.448E+00	1.372E+00	2.353E-01	2.916E+00
2.066E+00	6.000E-07	-9.108E+00	1.322E+00	2.184E-01	3.026E+00
2.033E+00	6.100E-07	-9.771E+00	1.278E+00	2.040E-01	3.133E+00
2.000E+00	6.200E-07	-1.044E+01	1.240E+00	1.916E-01	3.237E+00
1.968E+00	6.300E-07	-1.111E+01	1.208E+00	1.809E-01	3.338E+00
1.937E+00	6.400E-07	-1.179E+01	1.181E+00	1.717E-01	3.438E+00
1.907E+00	6.500E-07	-1.247E+01	1.158E+00	1.638E-01	3.536E+00
1.879E+00	6.600E-07	-1.316E+01	1.140E+00	1.570E-01	3.632E+00
1.851E+00	6.700E-07	-1.386E+01	1.126E+00	1.511E-01	3.726E+00
1.823E+00	6.800E-07	-1.457E+01	1.115E+00	1.460E-01	3.819E+00
1.797E+00	6.900E-07	-1.528E+01	1.108E+00	1.417E-01	3.911E+00
1.771E+00	7.000E-07	-1.600E+01	1.104E+00	1.380E-01	4.002E+00
1.746E+00	7.100E-07	-1.672E+01	1.103E+00	1.348E-01	4.091E+00
1.722E+00	7.200E-07	-1.745E+01	1.105E+00	1.322E-01	4.180E+00
1.698E+00	7.300E-07	-1.819E+01	1.110E+00	1.300E-01	4.268E+00
1.675E+00	7.400E-07	-1.894E+01	1.117E+00	1.282E-01	4.354E+00
1.653E+00	7.500E-07	-1.970E+01	1.126E+00	1.268E-01	4.440E+00
1.631E+00	7.600E-07	-2.046E+01	1.137E+00	1.257E-01	4.525E+00
1.610E+00	7.700E-07	-2.123E+01	1.151E+00	1.248E-01	4.610E+00
1.590E+00	7.800E-07	-2.201E+01	1.166E+00	1.243E-01	4.694E+00
1.569E+00	7.900E-07	-2.280E+01	1.184E+00	1.239E-01	4.777E+00
1.550E+00	8.000E-07	-2.360E+01	1.203E+00	1.238E-01	4.859E+00
1.531E+00	8.100E-07	-2.440E+01	1.224E+00	1.239E-01	4.941E+00
1.512E+00	8.200E-07	-2.522E+01	1.247E+00	1.241E-01	5.023E+00
1.494E+00	8.300E-07	-2.604E+01	1.271E+00	1.245E-01	5.104E+00
1.476E+00	8.400E-07	-2.687E+01	1.297E+00	1.251E-01	5.185E+00
1.459E+00	8.500E-07	-2.770E+01	1.324E+00	1.258E-01	5.265E+00
1.442E+00	8.600E-07	-2.855E+01	1.353E+00	1.266E-01	5.345E+00
1.425E+00	8.700E-07	-2.940E+01	1.383E+00	1.275E-01	5.424E+00
1.409E+00	8.800E-07	-3.027E+01	1.415E+00	1.286E-01	5.503E+00
1.393E+00	8.900E-07	-3.114E+01	1.448E+00	1.297E-01	5.582E+00
1.378E+00	9.000E-07	-3.202E+01	1.482E+00	1.309E-01	5.660E+00
1.362E+00	9.100E-07	-3.291E+01	1.518E+00	1.323E-01	5.738E+00
1.348E+00	9.200E-07	-3.380E+01	1.555E+00	1.337E-01	5.816E+00
1.333E+00	9.300E-07	-3.471E+01	1.593E+00	1.351E-01	5.893E+00
1.319E+00	9.400E-07	-3.563E+01	1.632E+00	1.367E-01	5.970E+00
1.305E+00	9.500E-07	-3.655E+01	1.672E+00	1.383E-01	6.047E+00
1.291E+00	9.600E-07	-3.748E+01	1.714E+00	1.400E-01	6.124E+00
1.278E+00	9.700E-07	-3.842E+01	1.757E+00	1.417E-01	6.200E+00
1.265E+00	9.800E-07	-3.937E+01	1.801E+00	1.435E-01	6.276E+00
1.252E+00	9.900E-07	-4.033E+01	1.846E+00	1.453E-01	6.352E+00
1.240E+00	1.000E-06	-4.130E+01	1.892E+00	1.472E-01	6.428E+00
1.228E+00	1.010E-06	-4.227E+01	1.940E+00	1.491E-01	6.504E+00
1.216E+00	1.020E-06	-4.326E+01	1.988E+00	1.511E-01	6.579E+00
1.204E+00	1.030E-06	-4.425E+01	2.038E+00	1.531E-01	6.654E+00
1.192E+00	1.040E-06	-4.525E+01	2.088E+00	1.552E-01	6.729E+00
1.181E+00	1.050E-06	-4.627E+01	2.140E+00	1.573E-01	6.804E+00
1.170E+00	1.060E-06	-4.729E+01	2.193E+00	1.594E-01	6.878E+00
1.159E+00	1.070E-06	-4.832E+01	2.247E+00	1.616E-01	6.953E+00
1.148E+00	1.080E-06	-4.935E+01	2.301E+00	1.638E-01	7.027E+00
1.137E+00	1.090E-06	-5.040E+01	2.357E+00	1.660E-01	7.101E+00
1.127E+00	1.100E-06	-5.146E+01	2.415E+00	1.683E-01	7.175E+00
1.117E+00	1.110E-06	-5.252E+01	2.473E+00	1.705E-01	7.249E+00
1.107E+00	1.120E-06	-5.359E+01	2.532E+00	1.729E-01	7.323E+00
1.097E+00	1.130E-06	-5.467E+01	2.592E+00	1.752E-01	7.396E+00
1.088E+00	1.140E-06	-5.577E+01	2.653E+00	1.776E-01	7.470E+00
1.078E+00	1.150E-06	-5.687E+01	2.716E+00	1.800E-01	7.543E+00
1.069E+00	1.160E-06	-5.797E+01	2.779E+00	1.824E-01	7.616E+00
1.060E+00	1.170E-06	-5.909E+01	2.843E+00	1.849E-01	7.689E+00
1.051E+00	1.180E-06	-6.022E+01	2.909E+00	1.874E-01	7.762E+00
1.042E+00	1.190E-06	-6.135E+01	2.975E+00	1.899E-01	7.835E+00
1.033E+00	1.200E-06	-6.250E+01	3.043E+00	1.924E-01	7.908E+00
1.025E+00	1.210E-06	-6.365E+01	3.111E+00	1.949E-01	7.981E+00
1.016E+00	1.220E-06	-6.481E+01	3.181E+00	1.975E-01	8.053E+00
1.008E+00	1.230E-06	-6.598E+01	3.251E+00	2.001E-01	8.126E+00
9.999E-01	1.240E-06	-6.716E+01	3.323E+00	2.027E-01	8.198E+00
9.919E-01	1.250E-06	-6.835E+01	3.395E+00	2.053E-01	8.270E+00
9.840E-01	1.260E-06	-6.955E+01	3.469E+00	2.079E-01	8.342E+00
9.763E-01	1.270E-06	-7.076E+01	3.544E+00	2.106E-01	8.414E+00
9.686E-01	1.280E-06	-7.197E+01	3.620E+00	2.133E-01	8.486E+00
9.611E-01	1.290E-06	-7.319E+01	3.696E+00	2.160E-01	8.558E+00
9.537E-01	1.300E-06	-7.443E+01	3.774E+00	2.187E-01	8.630E+00
9.464E-01	1.310E-06	-7.567E+01	3.853E+00	2.214E-01	8.702E+00
9.393E-01	1.320E-06	-7.692E+01	3.933E+00	2.241E-01	8.773E+00
9.322E-01	1.330E-06	-7.818E+01	4.014E+00	2.269E-01	8.845E+00
9.253E-01	1.340E-06	-7.945E+01	4.096E+00	2.297E-01	8.916E+00
9.184E-01	1.350E-06	-8.072E+01	4.178E+00	2.325E-01	8.988E+00
8.670E-01	1.430E-06	-9.126E+01	4.879E+00	2.553E-01	9.556E+00
8.610E-01	1.440E-06	-9.261E+01	4.971E+00	2.582E-01	9.627E+00
8.551E-01	1.450E-06	-9.398E+01	5.064E+00	2.611E-01	9.698E+00
8.492E-01	1.460E-06	-9.522E+01	5.163E+00	2.644E-01	9.762E+00
8.434E-01	1.470E-06	-9.646E+01	5.263E+00	2.678E-01	9.825E+00
8.377E-01	1.480E-06	-9.771E+01	5.365E+00	2.712E-01	9.889E+00
8.321E-01	1.490E-06	-9.896E+01	5.468E+00	2.747E-01	9.952E+00
8.266E-01	1.500E-06	-1.002E+02	5.573E+00	2.782E-01	1.001E+01
8.211E-01	1.510E-06	-1.015E+02	5.680E+00	2.818E-01	1.008E+01
8.157E-01	1.520E-06	-1.027E+02	5.788E+00	2.854E-01	1.014E+01
8.104E-01	1.530E-06	-1.040E+02	5.899E+00	2.891E-01	1.020E+01
8.051E-01	1.540E-06	-1.053E+02	6.011E+00	2.928E-01	1.027E+01
7.999E-01	1.550E-06	-1.066E+02	6.125E+00	2.965E-01	1.033E+01
7.948E-01	1.560E-06	-1.078E+02	6.240E+00	3.003E-01	1.039E+01
7.897E-01	1.570E-06	-1.091E+02	6.358E+00	3.042E-01	1.045E+01
7.847E-01	1.580E-06	-1.104E+02	6.478E+00	3.081E-01	1.051E+01
7.798E-01	1.590E-06	-1.117E+02	6.599E+00	3.120E-01	1.057E+01
7.749E-01	1.600E-06	-1.130E+02	6.723E+00	3.161E-01	1.064E+01
7.701E-01	1.610E-06	-1.143E+02	6.848E+00	3.201E-01	1.070E+01
7.653E-01	1.620E-06	-1.156E+02	6.976E+00	3.242E-01	1.076E+01
7.606E-01	1.630E-06	-1.169E+02	7.105E+00	3.284E-01	1.082E+01
7.560E-01	1.640E-06	-1.182E+02	7.237E+00	3.326E-01	1.088E+01
7.514E-01	1.650E-06	-1.195E+02	7.371E+00	3.369E-01	1.094E+01
7.469E-01	1.660E-06	-1.209E+02	7.507E+00	3.412E-01	1.100E+01
7.424E-01	1.670E-06	-1.222E+02	7.645E+00	3.457E-01	1.106E+01
7.380E-01	1.680E-06	-1.235E+02	7.786E+00	3.501E-01	1.112E+01
7.336E-01	1.690E-06	-1.248E+02	7.929E+00	3.546E-01	1.118E+01
7.293E-01	1.700E-06	-1.262E+02	8.074E+00	3.592E-01	1.124E+01
7.251E-01	1.710E-06	-1.275E+02	8.221E+00	3.639E-01	1.130E+01
7.208E-01	1.720E-06	-1.288E+02	8.372E+00	3.686E-01	1.136E+01
7.167E-01	1.730E-06	-1.302E+02	8.524E+00	3.733E-01	1.142E+01
7.126E-01	1.740E-06	-1.315E+02	8.679E+00	3.782E-01	1.148E+01
7.085E-01	1.750E-06	-1.329E+02	8.837E+00	3.831E-01	1.153E+01
7.045E-01	1.760E-06	-1.342E+02	8.997E+00	3.881E-01	1.159E+01
7.005E-01	1.770E-06	-1.356E+02	9.160E+00	3.931E-01	1.165E+01
6.965E-01	1.780E-06	-1.370E+02	9.326E+00	3.982E-01	1.171E+01
6.926E-01	1.790E-06	-1.383E+02	9.495E+00	4.034E-01	1.177E+01
6.888E-01	1.800E-06	-1.397E+02	9.666E+00	4.087E-01	1.183E+01
6.850E-01	1.810E-06	-1.411E+02	9.840E+00	4.140E-01	1.188E+01
6.812E-01	1.820E-06	-1.424E+02	1.002E+01	4.194E-01	1.194E+01
6.775E-01	1.830E-06	-1.438E+02	1.020E+01	4.249E-01	1.200E+01
6.738E-01	1.840E-06	-1.452E+02	1.038E+01	4.305E-01	1.206E+01
6.702E-01	1.850E-06	-1.466E+02	1.057E+01	4.361E-01	1.211E+01
6.666E-01	1.860E-06	-1.479E+02	1.075E+01	4.418E-01	1.217E+01
6.630E-01	1.870E-06	-1.493E+02	1.095E+01	4.476E-01	1.223E+01
6.595E-01	1.880E-06	-1.507E+02	1.114E+01	4.535E-01	1.229E+01
6.560E-01	1.890E-06	-1.521E+02	1.134E+01	4.595E-01	1.234E+01
6.525E-01	1.900E-06	-1.535E+02	1.154E+01	4.655E-01	1.240E+01
6.491E-01	1.910E-06	-1.549E+02	1.175E+01	4.717E-01	1.246E+01
6.457E-01	1.920E-06	-1.563E+02	1.196E+01	4.779E-01	1.251E+01
6.424E-01	1.930E-06	-1.577E+02	1.217E+01	4.842E-01	1.257E+01
6.391E-01	1.940E-06	-1.591E+02	1.239E+01	4.906E-01	1.262E+01
6.358E-01	1.950E-06	-1.606E+02	1.261E+01	4.971E-01	1.268E+01
6.326E-01	1.960E-06	-1.620E+02	1.283E+01	5.037E-01	1.274E+01
6.294E-01	1.970E-06	-1.634E+02	1.306E+01	5.104E-01	1.279E+01
6.262E-01	1.980E-06	-1.648E+02	1.329E+01	5.172E-01	1.285E+01
6.230E-01	1.990E-06	-1.662E+02	1.353E+01	5.241E-01	1.290E+01
6.199E-01	2.000E-06	-1.675E+02	1.372E+01	5.294E-01	1.295E+01
6.179E-01	2.007E-06	-1.688E+02	1.390E+01	5.345E-01	1.300E+01
6.141E-01	2.019E-06	-1.709E+02	1.416E+01	5.410E-01	1.308E+01
6.121E-01	2.025E-06	-1.720E+02	1.429E+01	5.443E-01	1.313E+01
6.083E-01	2.038E-06	-1.742E+02	1.456E+01	5.510E-01	1.321E+01
6.064E-01	2.045E-06	-1.753E+02	1.469E+01	5.544E-01	1.325E+01
6.026E-01	2.058E-06	-1.775E+02	1.497E+01	5.613E-01	1.334E+01
6.007E-01	2.064E-06	-1.787E+02	1.511E+01	5.647E-01	1.338E+01
5.969E-01	2.077E-06	-1.810E+02	1.540E+01	5.718E-01	1.347E+01
5.949E-01	2.084E-06	-1.822E+02	1.555E+01	5.754E-01	1.351E+01
5.911E-01	2.098E-06	-1.846E+02	1.585E+01	5.827E-01	1.360E+01
5.892E-01	2.104E-06	-1.858E+02	1.600E+01	5.864E-01	1.364E+01
5.854E-01	2.118E-06	-1.882E+02	1.631E+01	5.939E-01	1.373E+01
5.835E-01	2.125E-06	-1.895E+02	1.647E+01	5.977E-01	1.378E+01
5.796E-01	2.139E-06	-1.920E+02	1.679E+01	6.054E-01	1.387E+01
5.777E-01	2.146E-06	-1.933E+02	1.696E+01	6.093E-01	1.392E+01
5.758E-01	2.153E-06	-1.946E+02	1.713E+01	6.133E-01	1.396E+01
5.720E-01	2.168E-06	-1.972E+02	1.747E+01	6.213E-01	1.406E+01
5.701E-01	2.175E-06	-1.986E+02	1.764E+01	6.254E-01	1.410E+01
5.662E-01	2.190E-06	-2.013E+02	1.800E+01	6.336E-01	1.420E+01
5.643E-01	2.197E-06	-2.026E+02	1.818E+01	6.378E-01	1.425E+01
5.624E-01	2.205E-06	-2.040E+02	1.836E+01	6.421E-01	1.430E+01
5.586E-01	2.220E-06	-2.068E+02	1.873E+01	6.507E-01	1.440E+01
5.567E-01	2.227E-06	-2.083E+02	1.893E+01	6.550E-01	1.445E+01
5.548E-01	2.235E-06	-2.097E+02	1.912E+01	6.594E-01	1.450E+01
5.529E-01	2.243E-06	-2.112E+02	1.932E+01	6.639E-01	1.455E+01
5.490E-01	2.258E-06	-2.141E+02	1.972E+01	6.729E-01	1.465E+01
5.471E-01	2.266E-06	-2.156E+02	1.992E+01	6.775E-01	1.470E+01
5.452E-01	2.274E-06	-2.172E+02	2.013E+01	6.822E-01	1.475E+01
5.433E-01	2.282E-06	-2.187E+02	2.034E+01	6.869E-01	1.480E+01
5.395E-01	2.298E-06	-2.218E+02	2.077E+01	6.964E-01	1.491E+01
5.375E-01	2.307E-06	-2.234E+02	2.098E+01	7.012E-01	1.496E+01
5.356E-01	2.315E-06	-2.250E+02	2.121E+01	7.061E-01	1.502E+01
5.337E-01	2.323E-06	-2.266E+02	2.143E+01	7.110E-01	1.507E+01
5.299E-01	2.340E-06	-2.299E+02	2.189E+01	7.211E-01	1.518E+01
5.280E-01	2.348E-06	-2.316E+02	2.213E+01	7.262E-01	1.524E+01
5.261E-01	2.357E-06	-2.333E+02	2.237E+01	7.313E-01	1.529E+01
5.242E-01	2.365E-06	-2.350E+02	2.261E+01	7.365E-01	1.535E+01
5.223E-01	2.374E-06	-2.367E+02	2.285E+01	7.418E-01	1.540E+01
5.203E-01	2.383E-06	-2.385E+02	2.310E+01	7.471E-01	1.546E+01
5.184E-01	2.392E-06	-2.402E+02	2.335E+01	7.525E-01	1.552E+01
5.146E-01	2.409E-06	-2.438E+02	2.387E+01	7.634E-01	1.563E+01
5.127E-01	2.418E-06	-2.456E+02	2.413E+01	7.689E-01	1.569E+01
5.108E-01	2.427E-06	-2.475E+02	2.440E+01	7.745E-01	1.575E+01
5.089E-01	2.437E-06	-2.493E+02	2.467E+01	7.802E-01	1.581E+01
5.069E-01	2.446E-06	-2.512E+02	2.495E+01	7.860E-01	1.587E+01
5.050E-01	2.455E-06	-2.531E+02	2.523E+01	7.918E-01	1.593E+01
5.031E-01	2.464E-06	-2.551E+02	2.551E+01	7.976E-01	1.599E+01
5.012E-01	2.474E-06	-2.570E+02	2.580E+01	8.036E-01	1.605E+01
4.993E-01	2.483E-06	-2.590E+02	2.609E+01	8.096E-01	1.611E+01
4.974E-01	2.493E-06	-2.610E+02	2.639E+01	8.156E-01	1.617E+01
4.955E-01	2.502E-06	-2.630E+02	2.669E+01	8.218E-01	1.624E+01
4.935E-01	2.512E-06	-2.650E+02	2.699E+01	8.280E-01	1.630E+01
4.916E-01	2.522E-06	-2.671E+02	2.730E+01	8.342E-01	1.636E+01
4.897E-01	2.532E-06	-2.692E+02	2.762E+01	8.406E-01	1.643E+01
4.878E-01	2.542E-06	-2.713E+02	2.794E+01	8.470E-01	1.649E+01
4.859E-01	2.552E-06	-2.734E+02	2.826E+01	8.535E-01	1.656E+01
4.840E-01	2.562E-06	-2.756E+02	2.859E+01	8.600E-01	1.662E+01
4.821E-01	2.572E-06	-2.777E+02	2.893E+01	8.667E-01	1.669E+01
4.802E-01	2.582E-06	-2.799E+02	2.927E+01	8.734E-01	1.675E+01
4.782E-01	2.593E-06	-2.822E+02	2.961E+01	8.802E-01	1.682E+01
4.763E-01	2.603E-06	-2.844E+02	2.996E+01	8.871E-01	1.689E+01
4.744E-01	2.613E-06	-2.867E+02	3.032E+01	8.940E-01	1.696E+01
4.725E-01	2.624E-06	-2.890E+02	3.068E+01	9.011E-01	1.703E+01
4.706E-01	2.635E-06	-2.914E+02	3.105E+01	9.082E-01	1.709E+01
4.687E-01	2.645E-06	-2.938E+02	3.142E+01	9.154E-01	1.716E+01
4.668E-01	2.656E-06	-2.962E+02	3.180E+01	9.227E-01	1.723E+01
4.649E-01	2.667E-06	-2.986E+02	3.219E+01	9.301E-01	1.730E+01
4.629E-01	2.678E-06	-3.010E+02	3.258E+01	9.376E-01	1.738E+01
4.610E-01	2.689E-06	-3.035E+02	3.298E+01	9.451E-01	1.745E+01
4.591E-01	2.701E-06	-3.060E+02	3.338E+01	9.528E-01	1.752E+01
4.572E-01	2.712E-06	-3.086E+02	3.380E+01	9.605E-01	1.759E+01
4.553E-01	2.723E-06	-3.112E+02	3.421E+01	9.683E-01	1.767E+01
4.534E-01	2.735E-06	-3.138E+02	3.464E+01	9.763E-01	1.774E+01
4.515E-01	2.746E-06	-3.164E+02	3.507E+01	9.843E-01	1.782E+01
4.496E-01	2.758E-06	-3.191E+02	3.551E+01	9.924E-01	1.789E+01
4.476E-01	2.770E-06	-3.218E+02	3.596E+01	1.001E+00	1.797E+01
4.457E-01	2.782E-06	-3.245E+02	3.641E+01	1.009E+00	1.804E+01
4.438E-01	2.794E-06	-3.273E+02	3.687E+01	1.017E+00	1.812E+01
4.419E-01	2.806E-06	-3.301E+02	3.734E+01	1.026E+00	1.820E+01
4.400E-01	2.818E-06	-3.330E+02	3.782E+01	1.035E+00	1.828E+01
4.381E-01	2.830E-06	-3.359E+02	3.831E+01	1.043E+00	1.836E+01
4.362E-01	2.843E-06	-3.388E+02	3.880E+01	1.052E+00	1.844E+01
4.343E-01	2.855E-06	-3.418E+02	3.930E+01	1.061E+00	1.852E+01
4.323E-01	2.868E-06	-3.448E+02	3.982E+01	1.070E+00	1.860E+01
4.304E-01	2.881E-06	-3.478E+02	4.034E+01	1.080E+00	1.868E+01
4.285E-01	2.893E-06	-3.509E+02	4.086E+01	1.089E+00	1.876E+01
4.266E-01	2.906E-06	-3.540E+02	4.140E+01	1.098E+00	1.885E+01
4.247E-01	2.919E-06	-3.571E+02	4.195E+01	1.108E+00	1.893E+01
4.228E-01	2.933E-06	-3.603E+02	4.251E+01	1.118E+00	1.902E+01
4.209E-01	2.946E-06	-3.636E+02	4.308E+01	1.128E+00	1.910E+01
4.189E-01	2.959E-06	-3.669E+02	4.365E+01	1.138E+00	1.919E+01
4.170E-01	2.973E-06	-3.702E+02	4.424E+01	1.148E+00	1.927E+01
4.151E-01	2.987E-06	-3.736E+02	4.484E+01	1.158E+00	1.936E+01
4.132E-01	3.001E-06	-3.770E+02	4.545E+01	1.168E+00	1.945E+01
4.113E-01	3.015E-06	-3.805E+02	4.607E+01	1.179E+00	1.954E+01
4.094E-01	3.029E-06	-3.840E+02	4.670E+01	1.189E+00	1.963E+01
4.075E-01	3.043E-06	-3.875E+02	4.734E+01	1.200E+00	1.972E+01
4.056E-01	3.057E-06	-3.912E+02	4.800E+01	1.211E+00	1.981E+01
4.036E-01	3.072E-06	-3.948E+02	4.866E+01	1.222E+00	1.991E+01
4.017E-01	3.086E-06	-3.985E+02	4.934E+01	1.233E+00	2.000E+01
3.998E-01	3.101E-06	-4.023E+02	5.003E+01	1.245E+00	2.010E+01
3.979E-01	3.116E-06	-4.061E+02	5.074E+01	1.256E+00	2.019E+01
3.960E-01	3.131E-06	-4.100E+02	5.145E+01	1.268E+00	2.029E+01
3.941E-01	3.146E-06	-4.139E+02	5.218E+01	1.280E+00	2.038E+01
3.922E-01	3.162E-06	-4.179E+02	5.293E+01	1.292E+00	2.048E+01
3.903E-01	3.177E-06	-4.219E+02	5.369E+01	1.304E+00	2.058E+01
3.883E-01	3.193E-06	-4.260E+02	5.446E+01	1.317E+00	2.068E+01
3.864E-01	3.209E-06	-4.302E+02	5.525E+01	1.329E+00	2.078E+01
3.845E-01	3.224E-06	-4.344E+02	5.605E+01	1.342E+00	2.088E+01
3.826E-01	3.241E-06	-4.386E+02	5.687E+01	1.355E+00	2.099E+01
3.807E-01	3.257E-06	-4.430E+02	5.771E+01	1.368E+00	2.109E+01
3.788E-01	3.273E-06	-4.474E+02	5.856E+01	1.381E+00	2.120E+01
3.769E-01	3.290E-06	-4.518E+02	5.943E+01	1.395E+00	2.130E+01
3.749E-01	3.307E-06	-4.564E+02	6.031E+01	1.409E+00	2.141E+01
3.730E-01	3.324E-06	-4.610E+02	6.121E+01	1.422E+00	2.152E+01
3.711E-01	3.341E-06	-4.656E+02	6.213E+01	1.437E+00	2.163E+01
3.692E-01	3.358E-06	-4.704E+02	6.307E+01	1.451E+00	2.174E+01
3.673E-01	3.376E-06	-4.752E+02	6.403E+01	1.465E+00	2.185E+01
3.654E-01	3.393E-06	-4.801E+02	6.501E+01	1.480E+00	2.196E+01
3.635E-01	3.411E-06	-4.850E+02	6.600E+01	1.495E+00	2.207E+01
3.616E-01	3.429E-06	-4.900E+02	6.702E+01	1.510E+00	2.219E+01
3.596E-01	3.447E-06	-4.951E+02	6.806E+01	1.526E+00	2.230E+01
3.577E-01	3.466E-06	-5.003E+02	6.912E+01	1.541E+00	2.242E+01
3.558E-01	3.485E-06	-5.056E+02	7.020E+01	1.557E+00	2.254E+01
3.539E-01	3.503E-06	-5.110E+02	7.130E+01	1.573E+00	2.266E+01
3.520E-01	3.522E-06	-5.164E+02	7.243E+01	1.590E+00	2.278E+01
3.501E-01	3.542E-06	-5.219E+02	7.358E+01	1.606E+00	2.290E+01
3.482E-01	3.561E-06	-5.275E+02	7.475E+01	1.623E+00	2.302E+01
3.463E-01	3.581E-06	-5.332E+02	7.595E+01	1.640E+00	2.315E+01
3.443E-01	3.601E-06	-5.390E+02	7.718E+01	1.658E+00	2.328E+01
3.424E-01	3.621E-06	-5.449E+02	7.843E+01	1.676E+00	2.340E+01
3.405E-01	3.641E-06	-5.508E+02	7.971E+01	1.694E+00	2.353E+01
3.386E-01	3.662E-06	-5.569E+02	8.101E+01	1.712E+00	2.366E+01
3.367E-01	3.683E-06	-5.631E+02	8.234E+01	1.730E+00	2.379E+01
3.348E-01	3.704E-06	-5.694E+02	8.371E+01	1.749E+00	2.393E+01
3.329E-01	3.725E-06	-5.757E+02	8.510E+01	1.769E+00	2.406E+01
3.310E-01	3.746E-06	-5.822E+02	8.652E+01	1.788E+00	2.420E+01
3.290E-01	3.768E-06	-5.888E+02	8.798E+01	1.808E+00	2.433E+01
3.271E-01	3.790E-06	-5.955E+02	8.947E+01	1.828E+00	2.447E+01
3.252E-01	3.812E-06	-6.023E+02	9.099E+01	1.848E+00	2.461E+01
3.233E-01	3.835E-06	-6.092E+02	9.254E+01	1.869E+00	2.475E+01
3.214E-01	3.858E-06	-6.163E+02	9.414E+01	1.890E+00	2.490E+01
3.195E-01	3.881E-06	-6.235E+02	9.576E+01	1.912E+00	2.504E+01
3.176E-01	3.904E-06	-6.307E+02	9.743E+01	1.934E+00	2.519E+01
3.156E-01	3.928E-06	-6.382E+02	9.913E+01	1.956E+00	2.534E+01
3.137E-01	3.952E-06	-6.457E+02	1.009E+02	1.979E+00	2.549E+01
3.118E-01	3.976E-06	-6.534E+02	1.027E+02	2.002E+00	2.564E+01
3.099E-01	4.001E-06	-6.612E+02	1.045E+02	2.025E+00	2.579E+01
3.080E-01	4.026E-06	-6.692E+02	1.063E+02	2.049E+00	2.595E+01
3.061E-01	4.051E-06	-6.773E+02	1.083E+02	2.073E+00	2.611E+01
3.042E-01	4.076E-06	-6.855E+02	1.102E+02	2.098E+00	2.627E+01
3.023E-01	4.102E-06	-6.939E+02	1.122E+02	2.123E+00	2.643E+01
3.003E-01	4.128E-06	-7.024E+02	1.143E+02	2.149E+00	2.659E+01
2.984E-01	4.155E-06	-7.111E+02	1.164E+02	2.175E+00	2.676E+01
2.965E-01	4.181E-06	-7.200E+02	1.185E+02	2.201E+00	2.692E+01
2.946E-01	4.209E-06	-7.290E+02	1.207E+02	2.228E+00	2.709E+01
2.927E-01	4.236E-06	-7.382E+02	1.230E+02	2.256E+00	2.726E+01
2.908E-01	4.264E-06	-7.475E+02	1.253E+02	2.284E+00	2.744E+01
2.889E-01	4.292E-06	-7.571E+02	1.277E+02	2.312E+00	2.761E+01
2.869E-01	4.321E-06	-7.668E+02	1.301E+02	2.341E+00	2.779E+01
2.850E-01	4.350E-06	-7.767E+02	1.326E+02	2.371E+00	2.797E+01
2.831E-01	4.379E-06	-7.868E+02	1.352E+02	2.401E+00	2.815E+01
2.812E-01	4.409E-06	-7.970E+02	1.378E+02	2.432E+00	2.834E+01
2.793E-01	4.439E-06	-8.075E+02	1.405E+02	2.463E+00	2.852E+01
2.774E-01	4.470E-06	-8.182E+02	1.433E+02	2.495E+00	2.871E+01
2.755E-01	4.501E-06	-8.291E+02	1.461E+02	2.527E+00	2.890E+01
2.736E-01	4.532E-06	-8.402E+02	1.490E+02	2.560E+00	2.910E+01
2.716E-01	4.564E-06	-8.515E+02	1.520E+02	2.594E+00	2.930E+01
2.697E-01	4.597E-06	-8.631E+02	1.550E+02	2.628E+00	2.950E+01
2.678E-01	4.629E-06	-8.749E+02	1.582E+02	2.663E+00	2.970E+01
2.659E-01	4.663E-06	-8.869E+02	1.614E+02	2.699E+00	2.990E+01
2.640E-01	4.697E-06	-8.992E+02	1.647E+02	2.735E+00	3.011E+01
2.621E-01	4.731E-06	-9.117E+02	1.681E+02	2.773E+00	3.032E+01
2.602E-01	4.766E-06	-9.245E+02	1.716E+02	2.810E+00	3.053E+01
2.583E-01	4.801E-06	-9.375E+02	1.752E+02	2.849E+00	3.075E+01
2.563E-01	4.837E-06	-9.508E+02	1.789E+02	2.889E+00	3.097E+01
2.544E-01	4.873E-06	-9.644E+02	1.827E+02	2.929E+00	3.119E+01
2.525E-01	4.910E-06	-9.783E+02	1.866E+02	2.970E+00	3.142E+01
2.506E-01	4.947E-06	-9.925E+02	1.906E+02	3.012E+00	3.165E+01
2.487E-01	4.986E-06	-1.007E+03	1.948E+02	3.055E+00	3.188E+01
2.468E-01	5.024E-06	-1.022E+03	1.990E+02	3.098E+00	3.212E+01
2.449E-01	5.063E-06	-1.037E+03	2.034E+02	3.143E+00	3.235E+01
2.429E-01	5.103E-06	-1.052E+03	2.079E+02	3.189E+00	3.260E+01
2.410E-01	5.144E-06	-1.068E+03	2.125E+02	3.235E+00	3.284E+01
2.391E-01	5.185E-06	-1.084E+03	2.173E+02	3.283E+00	3.309E+01
2.372E-01	5.227E-06	-1.101E+03	2.222E+02	3.331E+00	3.334E+01
2.353E-01	5.269E-06	-1.118E+03	2.272E+02	3.381E+00	3.360E+01
2.334E-01	5.312E-06	-1.135E+03	2.324E+02	3.432E+00	3.386E+01
2.315E-01	5.356E-06	-1.153E+03	2.378E+02	3.483E+00	3.413E+01
2.296E-01	5.401E-06	-1.171E+03	2.433E+02	3.536E+00	3.440E+01
2.276E-01	5.446E-06	-1.189E+03	2.490E+02	3.590E+00	3.467E+01
2.257E-01	5.493E-06	-1.208E+03	2.548E+02	3.646E+00	3.495E+01
2.238E-01	5.539E-06	-1.227E+03	2.609E+02	3.702E+00	3.523E+01
2.219E-01	5.587E-06	-1.247E+03	2.671E+02	3.760E+00	3.551E+01
2.200E-01	5.636E-06	-1.267E+03	2.735E+02	3.820E+00	3.580E+01
2.181E-01	5.685E-06	-1.288E+03	2.801E+02	3.880E+00	3.610E+01
2.162E-01	5.736E-06	-1.309E+03	2.870E+02	3.942E+00	3.640E+01
2.143E-01	5.787E-06	-1.331E+03	2.940E+02	4.006E+00	3.671E+01
2.123E-01	5.839E-06	-1.354E+03	3.013E+02	4.070E+00	3.701E+01
2.104E-01	5.892E-06	-1.376E+03	3.089E+02	4.137E+00	3.733E+01
2.085E-01	5.946E-06	-1.400E+03	3.166E+02	4.205E+00	3.765E+01
2.066E-01	6.001E-06	-1.424E+03	3.247E+02	4.275E+00	3.798E+01
2.047E-01	6.057E-06	-1.449E+03	3.330E+02	4.346E+00	3.831E+01
2.028E-01	6.114E-06	-1.474E+03	3.415E+02	4.419E+00	3.864E+01
2.009E-01	6.173E-06	-1.500E+03	3.504E+02	4.494E+00	3.899E+01
1.990E-01	6.232E-06	-1.526E+03	3.596E+02	4.570E+00	3.933E+01
1.970E-01	6.292E-06	-1.554E+03	3.690E+02	4.649E+00	3.969E+01
1.951E-01	6.354E-06	-1.582E+03	3.788E+02	4.730E+00	4.005E+01
1.932E-01	6.417E-06	-1.610E+03	3.890E+02	4.812E+00	4.042E+01
1.913E-01	6.481E-06	-1.640E+03	3.995E+02	4.897E+00	4.079E+01
1.894E-01	6.547E-06	-1.670E+03	4.104E+02	4.984E+00	4.117E+01
1.875E-01	6.613E-06	-1.701E+03	4.216E+02	5.073E+00	4.156E+01
1.856E-01	6.682E-06	-1.733E+03	4.333E+02	5.164E+00	4.195E+01
1.836E-01	6.751E-06	-1.766E+03	4.454E+02	5.258E+00	4.236E+01
1.817E-01	6.822E-06	-1.800E+03	4.579E+02	5.354E+00	4.276E+01
1.798E-01	6.895E-06	-1.835E+03	4.709E+02	5.452E+00	4.318E+01
1.779E-01	6.969E-06	-1.871E+03	4.844E+02	5.554E+00	4.361E+01
1.760E-01	7.045E-06	-1.908E+03	4.983E+02	5.658E+00	4.404E+01
1.741E-01	7.122E-06	-1.945E+03	5.128E+02	5.764E+00	4.448E+01
1.722E-01	7.201E-06	-1.984E+03	5.279E+02	5.874E+00	4.493E+01
1.703E-01	7.282E-06	-2.024E+03	5.435E+02	5.987E+00	4.539E+01
1.683E-01	7.365E-06	-2.066E+03	5.597E+02	6.102E+00	4.586E+01
1.664E-01	7.450E-06	-2.108E+03	5.766E+02	6.221E+00	4.634E+01
1.645E-01	7.536E-06	-2.152E+03	5.941E+02	6.344E+00	4.682E+01
1.626E-01	7.625E-06	-2.197E+03	6.123E+02	6.469E+00	4.732E+01
1.607E-01	7.716E-06	-2.244E+03	6.312E+02	6.598E+00	4.783E+01
1.588E-01	7.809E-06	-2.292E+03	6.509E+02	6.731E+00	4.835E+01
1.569E-01	7.904E-06	-2.342E+03	6.714E+02	6.868E+00	4.888E+01
1.550E-01	8.001E-06	-2.393E+03	6.927E+02	7.008E+00	4.942E+01
1.530E-01	8.101E-06	-2.446E+03	7.149E+02	7.153E+00	4.997E+01
1.511E-01	8.204E-06	-2.500E+03	7.380E+02	7.302E+00	5.053E+01
1.492E-01	8.309E-06	-2.557E+03	7.621E+02	7.455E+00	5.111E+01
1.473E-01	8.417E-06	-2.615E+03	7.872E+02	7.613E+00	5.170E+01
1.454E-01	8.528E-06	-2.675E+03	8.133E+02	7.775E+00	5.230E+01
1.435E-01	8.642E-06	-2.737E+03	8.406E+02	7.942E+00	5.292E+01
1.416E-01	8.758E-06	-2.802E+03	8.691E+02	8.115E+00	5.355E+01
1.396E-01	8.878E-06	-2.868E+03	8.988E+02	8.292E+00	5.420E+01
1.377E-01	9.002E-06	-2.937E+03	9.298E+02	8.475E+00	5.486E+01
1.358E-01	9.128E-06	-3.009E+03	9.622E+02	8.664E+00	5.553E+01
1.339E-01	9.259E-06	-3.083E+03	9.961E+02	8.858E+00	5.623E+01
1.320E-01	9.393E-06	-3.160E+03	1.031E+03	9.058E+00	5.694E+01
1.301E-01	9.531E-06	-3.239E+03	1.069E+03	9.265E+00	5.766E+01
1.282E-01	9.673E-06	-3.322E+03	1.107E+03	9.478E+00	5.841E+01
1.263E-01	9.820E-06	-3.407E+03	1.148E+03	9.698E+00	5.917E+01
1.243E-01	9.971E-06	-3.496E+03	1.190E+03	9.925E+00	5.996E+01
1.224E-01	1.013E-05	-3.589E+03	1.235E+03	1.016E+01	6.076E+01
1.205E-01	1.029E-05	-3.685E+03	1.281E+03	1.040E+01	6.159E+01
1.186E-01	1.045E-05	-3.785E+03	1.330E+03	1.065E+01	6.244E+01
1.167E-01	1.063E-05	-3.889E+03	1.381E+03	1.091E+01	6.331E+01
1.148E-01	1.080E-05	-3.997E+03	1.435E+03	1.117E+01	6.420E+01
1.129E-01	1.099E-05	-4.110E+03	1.491E+03	1.145E+01	6.513E+01
1.110E-01	1.117E-05	-4.228E+03	1.550E+03	1.173E+01	6.607E+01
1.090E-01	1.137E-05	-4.351E+03	1.612E+03	1.202E+01	6.705E+01
1.071E-01	1.157E-05	-4.479E+03	1.678E+03	1.233E+01	6.805E+01
1.052E-01	1.178E-05	-4.613E+03	1.746E+03	1.264E+01	6.908E+01
1.033E-01	1.200E-05	-4.753E+03	1.819E+03	1.296E+01	7.015E+01
1.014E-01	1.223E-05	-4.899E+03	1.895E+03	1.330E+01	7.125E+01
9.947E-02	1.246E-05	-5.053E+03	1.975E+03	1.364E+01	7.238E+01
9.756E-02	1.271E-05	-5.213E+03	2.059E+03	1.400E+01	7.355E+01
9.565E-02	1.296E-05	-5.382E+03	2.148E+03	1.437E+01	7.476E+01
9.374E-02	1.323E-05	-5.559E+03	2.242E+03	1.475E+01	7.601E+01
9.183E-02	1.350E-05	-5.746E+03	2.341E+03	1.514E+01	7.730E+01
8.991E-02	1.379E-05	-5.942E+03	2.445E+03	1.555E+01	7.863E+01
8.800E-02	1.409E-05	-6.148E+03	2.556E+03	1.597E+01	8.002E+01
8.608E-02	1.440E-05	-6.366E+03	2.673E+03	1.640E+01	8.146E+01
8.417E-02	1.473E-05	-6.596E+03	2.796E+03	1.685E+01	8.295E+01
8.226E-02	1.507E-05	-6.839E+03	2.927E+03	1.732E+01	8.449E+01
8.035E-02	1.543E-05	-7.097E+03	3.065E+03	1.780E+01	8.610E+01
7.843E-02	1.581E-05	-7.370E+03	3.212E+03	1.829E+01	8.778E+01
7.652E-02	1.620E-05	-7.660E+03	3.367E+03	1.881E+01	8.952E+01
7.461E-02	1.662E-05	-7.969E+03	3.532E+03	1.934E+01	9.134E+01
7.269E-02	1.706E-05	-8.299E+03	3.708E+03	1.988E+01	9.324E+01
7.078E-02	1.752E-05	-8.651E+03	3.894E+03	2.045E+01	9.523E+01
6.887E-02	1.800E-05	-9.028E+03	4.093E+03	2.103E+01	9.732E+01
6.696E-02	1.852E-05	-9.433E+03	4.304E+03	2.163E+01	9.950E+01
6.504E-02	1.906E-05	-9.869E+03	4.529E+03	2.225E+01	1.018E+02
6.313E-02	1.964E-05	-1.034E+04	4.770E+03	2.288E+01	1.042E+02
6.121E-02	2.025E-05	-1.085E+04	5.027E+03	2.354E+01	1.068E+02
5.930E-02	2.091E-05	-1.140E+04	5.301E+03	2.421E+01	1.095E+02
5.739E-02	2.160E-05	-1.200E+04	5.596E+03	2.491E+01	1.123E+02
5.548E-02	2.235E-05	-1.265E+04	5.911E+03	2.562E+01	1.154E+02
5.356E-02	2.315E-05	-1.337E+04	6.251E+03	2.635E+01	1.186E+02
5.165E-02	2.400E-05	-1.416E+04	6.616E+03	2.710E+01	1.221E+02
4.974E-02	2.493E-05	-1.504E+04	7.009E+03	2.787E+01	1.258E+02
