# LbyR, a,b (by PFA)
#  0.1 0.05 -4.69792120723
#  0.1 0.0578947368421 -4.6979214818
#  0.1 0.0657894736842 -4.69792184207
#  0.1 0.0736842105263 -4.69792229959
#  0.1 0.0815789473684 -4.69792286584
#  0.1 0.0894736842105 -4.69792355228
#  0.1 0.0973684210526 -4.69792437034
#  0.1 0.105263157895 -4.69792533139
#  0.1 0.113157894737 -4.6979264468
#  0.1 0.121052631579 -4.69792772786
#  0.1 0.128947368421 -4.69792918585
#  0.1 0.136842105263 -4.697930832
#  0.1 0.144736842105 -4.69793267752
#  0.1 0.152631578947 -4.69793473357
#  0.1 0.160526315789 -4.69793701126
#  0.1 0.168421052632 -4.69793952169
#  0.1 0.176315789474 -4.69794227591
#  0.1 0.184210526316 -4.69794528492
#  0.1 0.192105263158 -4.69794855971
#  0.1 0.2 -4.69795211121
0.1, -4.697922709, 0.01962950295
#  0.095409547635 0.05 -5.14283698835
#  0.095409547635 0.0578947368421 -5.14283726524
#  0.095409547635 0.0657894736842 -5.14283762855
#  0.095409547635 0.0736842105263 -5.14283808992
#  0.095409547635 0.0815789473684 -5.14283866094
#  0.095409547635 0.0894736842105 -5.14283935318
#  0.095409547635 0.0973684210526 -5.14284017814
#  0.095409547635 0.105263157895 -5.14284114732
#  0.095409547635 0.113157894737 -5.14284227215
#  0.095409547635 0.121052631579 -5.14284356404
#  0.095409547635 0.128947368421 -5.14284503436
#  0.095409547635 0.136842105263 -5.14284669445
#  0.095409547635 0.144736842105 -5.14284855559
#  0.095409547635 0.152631578947 -5.14285062905
#  0.095409547635 0.160526315789 -5.14285292604
#  0.095409547635 0.168421052632 -5.14285545776
#  0.095409547635 0.176315789474 -5.14285823533
#  0.095409547635 0.184210526316 -5.14286126988
#  0.095409547635 0.192105263158 -5.14286457247
#  0.095409547635 0.2 -5.14286815413
0.0954095476349994, -5.142838502, 0.01979577266
#  0.0910298177992 0.05 -5.63057284221
#  0.0910298177992 0.0578947368421 -5.63057312133
#  0.0910298177992 0.0657894736842 -5.63057348758
#  0.0910298177992 0.0736842105263 -5.63057395267
#  0.0910298177992 0.0815789473684 -5.63057452831
#  0.0910298177992 0.0894736842105 -5.63057522614
#  0.0910298177992 0.0973684210526 -5.63057605778
#  0.0910298177992 0.105263157895 -5.6305770348
#  0.0910298177992 0.113157894737 -5.63057816873
#  0.0910298177992 0.121052631579 -5.63057947109
#  0.0910298177992 0.128947368421 -5.63058095332
#  0.0910298177992 0.136842105263 -5.63058262686
#  0.0910298177992 0.144736842105 -5.6305845031
#  0.0910298177992 0.152631578947 -5.63058659338
#  0.0910298177992 0.160526315789 -5.63058890902
#  0.0910298177992 0.168421052632 -5.63059146129
#  0.0910298177992 0.176315789474 -5.63059426143
#  0.0910298177992 0.184210526316 -5.63059732064
#  0.0910298177992 0.192105263158 -5.63060065008
#  0.0910298177992 0.2 -5.63060426088
0.0910298177991522, -5.630574368, 0.01995638718
#  0.0868511373751 0.05 -6.16529723617
#  0.0868511373751 0.0578947368421 -6.16529751745
#  0.0868511373751 0.0657894736842 -6.16529788652
#  0.0868511373751 0.0736842105263 -6.16529835522
#  0.0868511373751 0.0815789473684 -6.16529893531
#  0.0868511373751 0.0894736842105 -6.16529963855
#  0.0868511373751 0.0973684210526 -6.16530047663
#  0.0868511373751 0.105263157895 -6.16530146121
#  0.0868511373751 0.113157894737 -6.16530260394
#  0.0868511373751 0.121052631579 -6.16530391639
#  0.0868511373751 0.128947368421 -6.16530541013
#  0.0868511373751 0.136842105263 -6.16530709666
#  0.0868511373751 0.144736842105 -6.16530898747
#  0.0868511373751 0.152631578947 -6.16531109399
#  0.0868511373751 0.160526315789 -6.16531342763
#  0.0868511373751 0.168421052632 -6.16531599975
#  0.0868511373751 0.176315789474 -6.16531882168
#  0.0868511373751 0.184210526316 -6.1653219047
#  0.0868511373751 0.192105263158 -6.16532526007
#  0.0868511373751 0.2 -6.16532889901
0.0868511373751353, -6.165298774, 0.02011145809
#  0.0828642772855 0.05 -6.75158700379
#  0.0828642772855 0.0578947368421 -6.75158728715
#  0.0828642772855 0.0657894736842 -6.75158765896
#  0.0828642772855 0.0736842105263 -6.75158813113
#  0.0828642772855 0.0815789473684 -6.75158871552
#  0.0828642772855 0.0894736842105 -6.75158942397
#  0.0828642772855 0.0973684210526 -6.75159026826
#  0.0828642772855 0.105263157895 -6.75159126016
#  0.0828642772855 0.113157894737 -6.75159241137
#  0.0828642772855 0.121052631579 -6.75159373357
#  0.0828642772855 0.128947368421 -6.7515952384
#  0.0828642772855 0.136842105263 -6.75159693747
#  0.0828642772855 0.144736842105 -6.75159884234
#  0.0828642772855 0.152631578947 -6.75160096454
#  0.0828642772855 0.160526315789 -6.75160331555
#  0.0828642772855 0.168421052632 -6.75160590682
#  0.0828642772855 0.176315789474 -6.75160874977
#  0.0828642772855 0.184210526316 -6.75161185577
#  0.0828642772855 0.192105263158 -6.75161523617
#  0.0828642772855 0.2 -6.75161890225
0.0828642772854685, -6.751588553, 0.02026110185
#  0.0790604321091 0.05 -7.39446746967
#  0.0790604321091 0.0578947368421 -7.39446775504
#  0.0790604321091 0.0657894736842 -7.39446812949
#  0.0790604321091 0.0736842105263 -7.394468605
#  0.0790604321091 0.0815789473684 -7.39446919354
#  0.0790604321091 0.0894736842105 -7.39446990702
#  0.0790604321091 0.0973684210526 -7.39447075731
#  0.0790604321091 0.105263157895 -7.39447175625
#  0.0790604321091 0.113157894737 -7.39447291564
#  0.0790604321091 0.121052631579 -7.39447424724
#  0.0790604321091 0.128947368421 -7.39447576278
#  0.0790604321091 0.136842105263 -7.39447747394
#  0.0790604321091 0.144736842105 -7.39447939237
#  0.0790604321091 0.152631578947 -7.39448152968
#  0.0790604321091 0.160526315789 -7.39448389745
#  0.0790604321091 0.168421052632 -7.3944865072
#  0.0790604321091 0.176315789474 -7.39448937043
#  0.0790604321091 0.184210526316 -7.3944924986
#  0.0790604321091 0.192105263158 -7.39449590313
#  0.0790604321091 0.2 -7.39449959539
0.079060432109077, -7.39446903, 0.02040543898
#  0.0754312006335 0.05 -8.09945652251
#  0.0754312006335 0.0578947368421 -8.09945680981
#  0.0754312006335 0.0657894736842 -8.0994571868
#  0.0754312006335 0.0736842105263 -8.09945766554
#  0.0754312006335 0.0815789473684 -8.09945825808
#  0.0754312006335 0.0894736842105 -8.0994589764
#  0.0754312006335 0.0973684210526 -8.09945983247
#  0.0754312006335 0.105263157895 -8.09946083821
#  0.0754312006335 0.113157894737 -8.09946200548
#  0.0754312006335 0.121052631579 -8.09946334615
#  0.0754312006335 0.128947368421 -8.09946487201
#  0.0754312006335 0.136842105263 -8.09946659483
#  0.0754312006335 0.144736842105 -8.09946852634
#  0.0754312006335 0.152631578947 -8.09947067822
#  0.0754312006335 0.160526315789 -8.09947306214
#  0.0754312006335 0.168421052632 -8.0994756897
#  0.0754312006335 0.176315789474 -8.09947857248
#  0.0754312006335 0.184210526316 -8.09948172202
#  0.0754312006335 0.192105263158 -8.09948514982
#  0.0754312006335 0.2 -8.09948886734
0.0754312006335462, -8.099458093, 0.02054459339
#  0.0719685673001 0.05 -8.87261302525
#  0.0719685673001 0.0578947368421 -8.87261331442
#  0.0719685673001 0.0657894736842 -8.87261369386
#  0.0719685673001 0.0736842105263 -8.87261417571
#  0.0719685673001 0.0815789473684 -8.8726147721
#  0.0719685673001 0.0894736842105 -8.8726154951
#  0.0719685673001 0.0973684210526 -8.87261635674
#  0.0719685673001 0.105263157895 -8.87261736902
#  0.0719685673001 0.113157894737 -8.8726185439
#  0.0719685673001 0.121052631579 -8.8726198933
#  0.0719685673001 0.128947368421 -8.8726214291
#  0.0719685673001 0.136842105263 -8.87262316315
#  0.0719685673001 0.144736842105 -8.87262510726
#  0.0719685673001 0.152631578947 -8.87262727319
#  0.0719685673001 0.160526315789 -8.87262967268
#  0.0719685673001 0.168421052632 -8.8726323174
#  0.0719685673001 0.176315789474 -8.87263521902
#  0.0719685673001 0.184210526316 -8.87263838916
#  0.0719685673001 0.192105263158 -8.87264183938
#  0.0719685673001 0.2 -8.87264558123
0.0719685673001152, -8.872614606, 0.02067869169
#  0.0686648845004 0.05 -9.72058998944
#  0.0686648845004 0.0578947368421 -9.7205902804
#  0.0686648845004 0.0657894736842 -9.7205906622
#  0.0686648845004 0.0736842105263 -9.72059114705
#  0.0686648845004 0.0815789473684 -9.72059174715
#  0.0686648845004 0.0894736842105 -9.72059247465
#  0.0686648845004 0.0973684210526 -9.72059334165
#  0.0686648845004 0.105263157895 -9.72059436023
#  0.0686648845004 0.113157894737 -9.72059554244
#  0.0686648845004 0.121052631579 -9.72059690025
#  0.0686648845004 0.128947368421 -9.72059844563
#  0.0686648845004 0.136842105263 -9.72060019051
#  0.0686648845004 0.144736842105 -9.72060214675
#  0.0686648845004 0.152631578947 -9.72060432621
#  0.0686648845004 0.160526315789 -9.72060674069
#  0.0686648845004 0.168421052632 -9.72060940195
#  0.0686648845004 0.176315789474 -9.72061232172
#  0.0686648845004 0.184210526316 -9.72061551169
#  0.0686648845004 0.192105263158 -9.72061898351
#  0.0686648845004 0.2 -9.7206227488
0.0686648845004301, -9.72059158, 0.02080786241
#  0.065512855686 0.05 -10.6506929828
#  0.065512855686 0.0578947368421 -10.6506932755
#  0.065512855686 0.0657894736842 -10.6506936596
#  0.065512855686 0.0736842105263 -10.6506941473
#  0.065512855686 0.0815789473684 -10.650694751
#  0.065512855686 0.0894736842105 -10.6506954828
#  0.065512855686 0.0973684210526 -10.650696355
#  0.065512855686 0.105263157895 -10.6506973796
#  0.065512855686 0.113157894737 -10.6506985689
#  0.065512855686 0.121052631579 -10.6506999348
#  0.065512855686 0.128947368421 -10.6507014894
#  0.065512855686 0.136842105263 -10.6507032447
#  0.065512855686 0.144736842105 -10.6507052126
#  0.065512855686 0.152631578947 -10.6507074051
#  0.065512855686 0.160526315789 -10.650709834
#  0.065512855686 0.168421052632 -10.6507125112
#  0.065512855686 0.176315789474 -10.6507154485
#  0.065512855686 0.184210526316 -10.6507186575
#  0.065512855686 0.192105263158 -10.6507221502
#  0.065512855686 0.2 -10.650725938
0.0655128556859551, -10.65069458, 0.02093223588
#  0.0625055192527 0.05 -11.6709442858
#  0.0625055192527 0.0578947368421 -11.6709445802
#  0.0625055192527 0.0657894736842 -11.6709449664
#  0.0625055192527 0.0736842105263 -11.6709454569
#  0.0625055192527 0.0815789473684 -11.670946064
#  0.0625055192527 0.0894736842105 -11.6709468
#  0.0625055192527 0.0973684210526 -11.6709476772
#  0.0625055192527 0.105263157895 -11.6709487077
#  0.0625055192527 0.113157894737 -11.6709499037
#  0.0625055192527 0.121052631579 -11.6709512774
#  0.0625055192527 0.128947368421 -11.6709528409
#  0.0625055192527 0.136842105263 -11.6709546062
#  0.0625055192527 0.144736842105 -11.6709565854
#  0.0625055192527 0.152631578947 -11.6709587904
#  0.0625055192527 0.160526315789 -11.6709612332
#  0.0625055192527 0.168421052632 -11.6709639258
#  0.0625055192527 0.176315789474 -11.6709668798
#  0.0625055192527 0.184210526316 -11.6709701073
#  0.0625055192527 0.192105263158 -11.6709736199
#  0.0625055192527 0.2 -11.6709774295
0.0625055192527398, -11.67094589, 0.02105194325
#  0.0596362331659 0.05 -12.7901533627
#  0.0596362331659 0.0578947368421 -12.7901536587
#  0.0596362331659 0.0657894736842 -12.7901540471
#  0.0596362331659 0.0736842105263 -12.7901545402
#  0.0596362331659 0.0815789473684 -12.7901551507
#  0.0596362331659 0.0894736842105 -12.7901558907
#  0.0596362331659 0.0973684210526 -12.7901567726
#  0.0596362331659 0.105263157895 -12.7901578087
#  0.0596362331659 0.113157894737 -12.7901590113
#  0.0596362331659 0.121052631579 -12.7901603925
#  0.0596362331659 0.128947368421 -12.7901619645
#  0.0596362331659 0.136842105263 -12.7901637395
#  0.0596362331659 0.144736842105 -12.7901657295
#  0.0596362331659 0.152631578947 -12.7901679466
#  0.0596362331659 0.160526315789 -12.7901704028
#  0.0596362331659 0.168421052632 -12.79017311
#  0.0596362331659 0.176315789474 -12.7901760802
#  0.0596362331659 0.184210526316 -12.7901793254
#  0.0596362331659 0.192105263158 -12.7901828573
#  0.0596362331659 0.2 -12.7901866878
0.0596362331659465, -12.79015498, 0.02116711622
#  0.0568986602902 0.05 -14.01799427
#  0.0568986602902 0.0578947368421 -14.0179945676
#  0.0568986602902 0.0657894736842 -14.0179949579
#  0.0568986602902 0.0736842105263 -14.0179954537
#  0.0568986602902 0.0815789473684 -14.0179960673
#  0.0568986602902 0.0894736842105 -14.0179968112
#  0.0568986602902 0.0973684210526 -14.0179976977
#  0.0568986602902 0.105263157895 -14.0179987392
#  0.0568986602902 0.113157894737 -14.0179999481
#  0.0568986602902 0.121052631579 -14.0180013365
#  0.0568986602902 0.128947368421 -14.0180029167
#  0.0568986602902 0.136842105263 -14.018004701
#  0.0568986602902 0.144736842105 -14.0180067014
#  0.0568986602902 0.152631578947 -14.0180089301
#  0.0568986602902 0.160526315789 -14.0180113991
#  0.0568986602902 0.168421052632 -14.0180141205
#  0.0568986602902 0.176315789474 -14.0180171063
#  0.0568986602902 0.184210526316 -14.0180203685
#  0.0568986602902 0.192105263158 -14.0180239189
#  0.0568986602902 0.2 -14.0180277695
0.056898660290183, -14.0179959, 0.02127788666
#  0.0542867543932 0.05 -15.3650906845
#  0.0542867543932 0.0578947368421 -15.3650909835
#  0.0542867543932 0.0657894736842 -15.3650913759
#  0.0542867543932 0.0736842105263 -15.3650918741
#  0.0542867543932 0.0815789473684 -15.3650924908
#  0.0542867543932 0.0894736842105 -15.3650932383
#  0.0542867543932 0.0973684210526 -15.3650941293
#  0.0542867543932 0.105263157895 -15.365095176
#  0.0542867543932 0.113157894737 -15.3650963909
#  0.0542867543932 0.121052631579 -15.3650977863
#  0.0542867543932 0.128947368421 -15.3650993744
#  0.0542867543932 0.136842105263 -15.3651011676
#  0.0542867543932 0.144736842105 -15.365103178
#  0.0542867543932 0.152631578947 -15.3651054178
#  0.0542867543932 0.160526315789 -15.3651078992
#  0.0542867543932 0.168421052632 -15.3651106343
#  0.0542867543932 0.176315789474 -15.3651136351
#  0.0542867543932 0.184210526316 -15.3651169136
#  0.0542867543932 0.192105263158 -15.3651204818
#  0.0542867543932 0.2 -15.3651243517
0.0542867543932386, -15.36509232, 0.02138438604
#  0.0517947467923 0.05 -16.8431093022
#  0.0517947467923 0.0578947368421 -16.8431096026
#  0.0517947467923 0.0657894736842 -16.8431099968
#  0.0517947467923 0.0736842105263 -16.8431104974
#  0.0517947467923 0.0815789473684 -16.843111117
#  0.0517947467923 0.0894736842105 -16.8431118681
#  0.0517947467923 0.0973684210526 -16.8431127633
#  0.0517947467923 0.105263157895 -16.8431138151
#  0.0517947467923 0.113157894737 -16.8431150357
#  0.0517947467923 0.121052631579 -16.8431164378
#  0.0517947467923 0.128947368421 -16.8431180335
#  0.0517947467923 0.136842105263 -16.8431198352
#  0.0517947467923 0.144736842105 -16.8431218553
#  0.0517947467923 0.152631578947 -16.8431241058
#  0.0517947467923 0.160526315789 -16.8431265991
#  0.0517947467923 0.168421052632 -16.8431293473
#  0.0517947467923 0.176315789474 -16.8431323624
#  0.0517947467923 0.184210526316 -16.8431356567
#  0.0517947467923 0.192105263158 -16.843139242
#  0.0517947467923 0.2 -16.8431431305
0.0517947467923121, -16.84311094, 0.02148674531
#  0.0494171336132 0.05 -18.4648624318
#  0.0494171336132 0.0578947368421 -18.4648627336
#  0.0494171336132 0.0657894736842 -18.4648631296
#  0.0494171336132 0.0736842105263 -18.4648636325
#  0.0494171336132 0.0815789473684 -18.4648642549
#  0.0494171336132 0.0894736842105 -18.4648650095
#  0.0494171336132 0.0973684210526 -18.4648659088
#  0.0494171336132 0.105263157895 -18.4648669653
#  0.0494171336132 0.113157894737 -18.4648681916
#  0.0494171336132 0.121052631579 -18.4648696
#  0.0494171336132 0.128947368421 -18.464871203
#  0.0494171336132 0.136842105263 -18.464873013
#  0.0494171336132 0.144736842105 -18.4648750423
#  0.0494171336132 0.152631578947 -18.4648773032
#  0.0494171336132 0.160526315789 -18.4648798078
#  0.0494171336132 0.168421052632 -18.4648825686
#  0.0494171336132 0.176315789474 -18.4648855976
#  0.0494171336132 0.184210526316 -18.4648889069
#  0.0494171336132 0.192105263158 -18.4648925087
#  0.0494171336132 0.2 -18.464896415
0.0494171336132384, -18.46486408, 0.02158509396
#  0.0471486636346 0.05 -20.2444206901
#  0.0471486636346 0.0578947368421 -20.2444209932
#  0.0471486636346 0.0657894736842 -20.2444213909
#  0.0471486636346 0.0736842105263 -20.244421896
#  0.0471486636346 0.0815789473684 -20.2444225211
#  0.0471486636346 0.0894736842105 -20.244423279
#  0.0471486636346 0.0973684210526 -20.2444241822
#  0.0471486636346 0.105263157895 -20.2444252433
#  0.0471486636346 0.113157894737 -20.2444264749
#  0.0471486636346 0.121052631579 -20.2444278895
#  0.0471486636346 0.128947368421 -20.2444294995
#  0.0471486636346 0.136842105263 -20.2444313174
#  0.0471486636346 0.144736842105 -20.2444333556
#  0.0471486636346 0.152631578947 -20.2444356263
#  0.0471486636346 0.160526315789 -20.244438142
#  0.0471486636346 0.168421052632 -20.2444409149
#  0.0471486636346 0.176315789474 -20.2444439571
#  0.0471486636346 0.184210526316 -20.2444472809
#  0.0471486636346 0.192105263158 -20.2444508985
#  0.0471486636346 0.2 -20.244454822
0.047148663634574, -20.24442235, 0.02167956091
#  0.0449843266897 0.05 -22.1972367911
#  0.0449843266897 0.0578947368421 -22.1972370955
#  0.0449843266897 0.0657894736842 -22.1972374949
#  0.0449843266897 0.0736842105263 -22.1972380021
#  0.0449843266897 0.0815789473684 -22.1972386298
#  0.0449843266897 0.0894736842105 -22.1972393909
#  0.0449843266897 0.0973684210526 -22.1972402978
#  0.0449843266897 0.105263157895 -22.1972413634
#  0.0449843266897 0.113157894737 -22.1972426002
#  0.0449843266897 0.121052631579 -22.1972440206
#  0.0449843266897 0.128947368421 -22.1972456374
#  0.0449843266897 0.136842105263 -22.1972474629
#  0.0449843266897 0.144736842105 -22.1972495096
#  0.0449843266897 0.152631578947 -22.1972517898
#  0.0449843266897 0.160526315789 -22.197254316
#  0.0449843266897 0.168421052632 -22.1972571005
#  0.0449843266897 0.176315789474 -22.1972601555
#  0.0449843266897 0.184210526316 -22.1972634932
#  0.0449843266897 0.192105263158 -22.197267126
#  0.0449843266897 0.2 -22.1972710659
0.0449843266896945, -22.19723845, 0.02177027286
#  0.0429193426013 0.05 -24.3402815259
#  0.0429193426013 0.0578947368421 -24.3402818315
#  0.0429193426013 0.0657894736842 -24.3402822325
#  0.0429193426013 0.0736842105263 -24.3402827417
#  0.0429193426013 0.0815789473684 -24.340283372
#  0.0429193426013 0.0894736842105 -24.340284136
#  0.0429193426013 0.0973684210526 -24.3402850466
#  0.0429193426013 0.105263157895 -24.3402861165
#  0.0429193426013 0.113157894737 -24.3402873581
#  0.0429193426013 0.121052631579 -24.3402887843
#  0.0429193426013 0.128947368421 -24.3402904075
#  0.0429193426013 0.136842105263 -24.3402922403
#  0.0429193426013 0.144736842105 -24.3402942952
#  0.0429193426013 0.152631578947 -24.3402965845
#  0.0429193426013 0.160526315789 -24.3402991208
#  0.0429193426013 0.168421052632 -24.3403019164
#  0.0429193426013 0.176315789474 -24.3403049837
#  0.0429193426013 0.184210526316 -24.3403083348
#  0.0429193426013 0.192105263158 -24.3403119821
#  0.0429193426013 0.2 -24.3403159379
0.0429193426012878, -24.3402832, 0.02185735525
#  0.0409491506238 0.05 -26.6921931299
#  0.0409491506238 0.0578947368421 -26.6921934367
#  0.0409491506238 0.0657894736842 -26.6921938392
#  0.0409491506238 0.0736842105263 -26.6921943503
#  0.0409491506238 0.0815789473684 -26.692194983
#  0.0409491506238 0.0894736842105 -26.69219575
#  0.0409491506238 0.0973684210526 -26.692196664
#  0.0409491506238 0.105263157895 -26.6921977379
#  0.0409491506238 0.113157894737 -26.6921989844
#  0.0409491506238 0.121052631579 -26.692200416
#  0.0409491506238 0.128947368421 -26.6922020454
#  0.0409491506238 0.136842105263 -26.6922038852
#  0.0409491506238 0.144736842105 -26.6922059479
#  0.0409491506238 0.152631578947 -26.692208246
#  0.0409491506238 0.160526315789 -26.692210792
#  0.0409491506238 0.168421052632 -26.6922135983
#  0.0409491506238 0.176315789474 -26.6922166773
#  0.0409491506238 0.184210526316 -26.6922200412
#  0.0409491506238 0.192105263158 -26.6922237025
#  0.0409491506238 0.2 -26.6922276734
0.0409491506238043, -26.69219481, 0.02194093115
#  0.0390693993705 0.05 -29.273441359
#  0.0390693993705 0.0578947368421 -29.2734416669
#  0.0390693993705 0.0657894736842 -29.2734420708
#  0.0390693993705 0.0736842105263 -29.2734425839
#  0.0390693993705 0.0815789473684 -29.2734432188
#  0.0390693993705 0.0894736842105 -29.2734439886
#  0.0390693993705 0.0973684210526 -29.273444906
#  0.0390693993705 0.105263157895 -29.2734459838
#  0.0390693993705 0.113157894737 -29.2734472348
#  0.0390693993705 0.121052631579 -29.2734486716
#  0.0390693993705 0.128947368421 -29.2734503069
#  0.0390693993705 0.136842105263 -29.2734521534
#  0.0390693993705 0.144736842105 -29.2734542237
#  0.0390693993705 0.152631578947 -29.2734565302
#  0.0390693993705 0.160526315789 -29.2734590855
#  0.0390693993705 0.168421052632 -29.2734619021
#  0.0390693993705 0.176315789474 -29.2734649923
#  0.0390693993705 0.184210526316 -29.2734683686
#  0.0390693993705 0.192105263158 -29.2734720433
#  0.0390693993705 0.2 -29.2734760288
0.0390693993705462, -29.27344304, 0.02202112176
#  0.0372759372031 0.05 -32.1065077225
#  0.0372759372031 0.0578947368421 -32.1065080315
#  0.0372759372031 0.0657894736842 -32.1065084369
#  0.0372759372031 0.0736842105263 -32.1065089517
#  0.0372759372031 0.0815789473684 -32.1065095889
#  0.0372759372031 0.0894736842105 -32.1065103613
#  0.0372759372031 0.0973684210526 -32.1065112819
#  0.0372759372031 0.105263157895 -32.1065123635
#  0.0372759372031 0.113157894737 -32.1065136188
#  0.0372759372031 0.121052631579 -32.1065150606
#  0.0372759372031 0.128947368421 -32.1065167017
#  0.0372759372031 0.136842105263 -32.1065185546
#  0.0372759372031 0.144736842105 -32.1065206321
#  0.0372759372031 0.152631578947 -32.1065229467
#  0.0372759372031 0.160526315789 -32.1065255109
#  0.0372759372031 0.168421052632 -32.1065283373
#  0.0372759372031 0.176315789474 -32.1065314384
#  0.0372759372031 0.184210526316 -32.1065348265
#  0.0372759372031 0.192105263158 -32.1065385141
#  0.0372759372031 0.2 -32.1065425135
0.0372759372031494, -32.10650941, 0.02209804583
#  0.0355648030622 0.05 -35.2160834648
#  0.0355648030622 0.0578947368421 -35.2160837748
#  0.0355648030622 0.0657894736842 -35.2160841815
#  0.0355648030622 0.0736842105263 -35.2160846981
#  0.0355648030622 0.0815789473684 -35.2160853374
#  0.0355648030622 0.0894736842105 -35.2160861124
#  0.0355648030622 0.0973684210526 -35.216087036
#  0.0355648030622 0.105263157895 -35.2160881212
#  0.0355648030622 0.113157894737 -35.2160893807
#  0.0355648030622 0.121052631579 -35.2160908274
#  0.0355648030622 0.128947368421 -35.2160924739
#  0.0355648030622 0.136842105263 -35.216094333
#  0.0355648030622 0.144736842105 -35.2160964174
#  0.0355648030622 0.152631578947 -35.2160987397
#  0.0355648030622 0.160526315789 -35.2161013125
#  0.0355648030622 0.168421052632 -35.2161041484
#  0.0355648030622 0.176315789474 -35.2161072598
#  0.0355648030622 0.184210526316 -35.2161106592
#  0.0355648030622 0.192105263158 -35.2161143591
#  0.0355648030622 0.2 -35.2161183719
0.0355648030622313, -35.21608516, 0.02217181973
#  0.033932217719 0.05 -38.6292870431
#  0.033932217719 0.0578947368421 -38.6292873541
#  0.033932217719 0.0657894736842 -38.6292877621
#  0.033932217719 0.0736842105263 -38.6292882803
#  0.033932217719 0.0815789473684 -38.6292889216
#  0.033932217719 0.0894736842105 -38.6292896991
#  0.033932217719 0.0973684210526 -38.6292906257
#  0.033932217719 0.105263157895 -38.6292917143
#  0.033932217719 0.113157894737 -38.6292929779
#  0.033932217719 0.121052631579 -38.6292944291
#  0.033932217719 0.128947368421 -38.6292960809
#  0.033932217719 0.136842105263 -38.6292979459
#  0.033932217719 0.144736842105 -38.629300037
#  0.033932217719 0.152631578947 -38.6293023667
#  0.033932217719 0.160526315789 -38.6293049477
#  0.033932217719 0.168421052632 -38.6293077926
#  0.033932217719 0.176315789474 -38.629310914
#  0.033932217719 0.184210526316 -38.6293143243
#  0.033932217719 0.192105263158 -38.629318036
#  0.033932217719 0.2 -38.6293220616
0.0339322177189533, -38.62928874, 0.02224255733
#  0.0323745754282 0.05 -42.3759030235
#  0.0323745754282 0.0578947368421 -42.3759033354
#  0.0323745754282 0.0657894736842 -42.3759037447
#  0.0323745754282 0.0736842105263 -42.3759042645
#  0.0323745754282 0.0815789473684 -42.3759049078
#  0.0323745754282 0.0894736842105 -42.3759056876
#  0.0323745754282 0.0973684210526 -42.375906617
#  0.0323745754282 0.105263157895 -42.375907709
#  0.0323745754282 0.113157894737 -42.3759089763
#  0.0323745754282 0.121052631579 -42.375910432
#  0.0323745754282 0.128947368421 -42.3759120888
#  0.0323745754282 0.136842105263 -42.3759139595
#  0.0323745754282 0.144736842105 -42.375916057
#  0.0323745754282 0.152631578947 -42.3759183938
#  0.0323745754282 0.160526315789 -42.3759209826
#  0.0323745754282 0.168421052632 -42.3759238362
#  0.0323745754282 0.176315789474 -42.3759269671
#  0.0323745754282 0.184210526316 -42.3759303878
#  0.0323745754282 0.192105263158 -42.3759341109
#  0.0323745754282 0.2 -42.3759381488
0.0323745754281764, -42.37590473, 0.02231037001
#  0.0308884359648 0.05 -46.488644504
#  0.0308884359648 0.0578947368421 -46.4886448168
#  0.0308884359648 0.0657894736842 -46.4886452273
#  0.0308884359648 0.0736842105263 -46.4886457486
#  0.0308884359648 0.0815789473684 -46.4886463938
#  0.0308884359648 0.0894736842105 -46.4886471759
#  0.0308884359648 0.0973684210526 -46.488648108
#  0.0308884359648 0.105263157895 -46.4886492031
#  0.0308884359648 0.113157894737 -46.4886504742
#  0.0308884359648 0.121052631579 -46.4886519341
#  0.0308884359648 0.128947368421 -46.4886535957
#  0.0308884359648 0.136842105263 -46.4886554719
#  0.0308884359648 0.144736842105 -46.4886575754
#  0.0308884359648 0.152631578947 -46.488659919
#  0.0308884359648 0.160526315789 -46.4886625154
#  0.0308884359648 0.168421052632 -46.4886653773
#  0.0308884359648 0.176315789474 -46.4886685173
#  0.0308884359648 0.184210526316 -46.488671948
#  0.0308884359648 0.192105263158 -46.488675682
#  0.0308884359648 0.2 -46.4886797317
0.0308884359647748, -46.48864621, 0.02237536685
#  0.0294705170255 0.05 -51.0034413827
#  0.0294705170255 0.0578947368421 -51.0034416965
#  0.0294705170255 0.0657894736842 -51.0034421081
#  0.0294705170255 0.0736842105263 -51.0034426308
#  0.0294705170255 0.0815789473684 -51.0034432778
#  0.0294705170255 0.0894736842105 -51.0034440621
#  0.0294705170255 0.0973684210526 -51.0034449968
#  0.0294705170255 0.105263157895 -51.003446095
#  0.0294705170255 0.113157894737 -51.0034473696
#  0.0294705170255 0.121052631579 -51.0034488335
#  0.0294705170255 0.128947368421 -51.0034504998
#  0.0294705170255 0.136842105263 -51.0034523811
#  0.0294705170255 0.144736842105 -51.0034544905
#  0.0294705170255 0.152631578947 -51.0034568407
#  0.0294705170255 0.160526315789 -51.0034594443
#  0.0294705170255 0.168421052632 -51.0034623142
#  0.0294705170255 0.176315789474 -51.0034654629
#  0.0294705170255 0.184210526316 -51.0034689032
#  0.0294705170255 0.192105263158 -51.0034726475
#  0.0294705170255 0.2 -51.0034767085
0.0294705170255181, -51.0034431, 0.02243765357
#  0.0281176869797 0.05 -55.9597570176
#  0.0281176869797 0.0578947368421 -55.9597573322
#  0.0281176869797 0.0657894736842 -55.959757745
#  0.0281176869797 0.0736842105263 -55.9597582691
#  0.0281176869797 0.0815789473684 -55.9597589178
#  0.0281176869797 0.0894736842105 -55.9597597041
#  0.0281176869797 0.0973684210526 -55.9597606413
#  0.0281176869797 0.105263157895 -55.9597617424
#  0.0281176869797 0.113157894737 -55.9597630204
#  0.0281176869797 0.121052631579 -55.9597644882
#  0.0281176869797 0.128947368421 -55.9597661589
#  0.0281176869797 0.136842105263 -55.9597680453
#  0.0281176869797 0.144736842105 -55.9597701603
#  0.0281176869797 0.152631578947 -55.9597725166
#  0.0281176869797 0.160526315789 -55.9597751272
#  0.0281176869797 0.168421052632 -55.9597780047
#  0.0281176869797 0.176315789474 -55.9597811618
#  0.0281176869797 0.184210526316 -55.9597846113
#  0.0281176869797 0.192105263158 -55.9597883656
#  0.0281176869797 0.2 -55.9597924374
0.0281176869797423, -55.95975874, 0.02249733246
#  0.0268269579528 0.05 -61.4009360739
#  0.0268269579528 0.0578947368421 -61.4009363893
#  0.0268269579528 0.0657894736842 -61.4009368031
#  0.0268269579528 0.0736842105263 -61.4009373286
#  0.0268269579528 0.0815789473684 -61.4009379789
#  0.0268269579528 0.0894736842105 -61.4009387673
#  0.0268269579528 0.0973684210526 -61.4009397069
#  0.0268269579528 0.105263157895 -61.4009408107
#  0.0268269579528 0.113157894737 -61.400942092
#  0.0268269579528 0.121052631579 -61.4009435635
#  0.0268269579528 0.128947368421 -61.4009452384
#  0.0268269579528 0.136842105263 -61.4009471296
#  0.0268269579528 0.144736842105 -61.40094925
#  0.0268269579528 0.152631578947 -61.4009516123
#  0.0268269579528 0.160526315789 -61.4009542295
#  0.0268269579528 0.168421052632 -61.4009571143
#  0.0268269579528 0.176315789474 -61.4009602795
#  0.0268269579528 0.184210526316 -61.4009637377
#  0.0268269579528 0.192105263158 -61.4009675016
#  0.0268269579528 0.2 -61.4009715838
0.0268269579527973, -61.4009378, 0.02255450624
#  0.025595479227 0.05 -67.3745866329
#  0.025595479227 0.0578947368421 -67.3745869491
#  0.025595479227 0.0657894736842 -67.374587364
#  0.025595479227 0.0736842105263 -67.3745878907
#  0.025595479227 0.0815789473684 -67.3745885426
#  0.025595479227 0.0894736842105 -67.3745893329
#  0.025595479227 0.0973684210526 -67.3745902748
#  0.025595479227 0.105263157895 -67.3745913813
#  0.025595479227 0.113157894737 -67.3745926657
#  0.025595479227 0.121052631579 -67.3745941408
#  0.025595479227 0.128947368421 -67.3745958198
#  0.025595479227 0.136842105263 -67.3745977155
#  0.025595479227 0.144736842105 -67.374599841
#  0.025595479227 0.152631578947 -67.3746022091
#  0.025595479227 0.160526315789 -67.3746048327
#  0.025595479227 0.168421052632 -67.3746077245
#  0.025595479227 0.176315789474 -67.3746108973
#  0.025595479227 0.184210526316 -67.3746143639
#  0.025595479227 0.192105263158 -67.374618137
#  0.025595479227 0.2 -67.3746222291
0.0255954792269954, -67.37458836, 0.02260927107
#  0.0244205309455 0.05 -73.9329999368
#  0.0244205309455 0.0578947368421 -73.9330002538
#  0.0244205309455 0.0657894736842 -73.9330006696
#  0.0244205309455 0.0736842105263 -73.9330011976
#  0.0244205309455 0.0815789473684 -73.933001851
#  0.0244205309455 0.0894736842105 -73.9330026432
#  0.0244205309455 0.0973684210526 -73.9330035872
#  0.0244205309455 0.105263157895 -73.9330046963
#  0.0244205309455 0.113157894737 -73.9330059836
#  0.0244205309455 0.121052631579 -73.9330074622
#  0.0244205309455 0.128947368421 -73.933009145
#  0.0244205309455 0.136842105263 -73.9330110452
#  0.0244205309455 0.144736842105 -73.9330131756
#  0.0244205309455 0.152631578947 -73.9330155492
#  0.0244205309455 0.160526315789 -73.9330181788
#  0.0244205309455 0.168421052632 -73.9330210773
#  0.0244205309455 0.176315789474 -73.9330242575
#  0.0244205309455 0.184210526316 -73.9330277322
#  0.0244205309455 0.192105263158 -73.933031514
#  0.0244205309455 0.2 -73.9330356156
0.0244205309454865, -73.93300167, 0.02266172325
#  0.0232995181052 0.05 -81.133611477
#  0.0232995181052 0.0578947368421 -81.1336117947
#  0.0232995181052 0.0657894736842 -81.1336122115
#  0.0232995181052 0.0736842105263 -81.1336127407
#  0.0232995181052 0.0815789473684 -81.1336133956
#  0.0232995181052 0.0894736842105 -81.1336141895
#  0.0232995181052 0.0973684210526 -81.1336151356
#  0.0232995181052 0.105263157895 -81.1336162472
#  0.0232995181052 0.113157894737 -81.1336175373
#  0.0232995181052 0.121052631579 -81.1336190191
#  0.0232995181052 0.128947368421 -81.1336207057
#  0.0232995181052 0.136842105263 -81.1336226101
#  0.0232995181052 0.144736842105 -81.1336247452
#  0.0232995181052 0.152631578947 -81.1336271241
#  0.0232995181052 0.160526315789 -81.1336297595
#  0.0232995181052 0.168421052632 -81.1336326645
#  0.0232995181052 0.176315789474 -81.1336358517
#  0.0232995181052 0.184210526316 -81.1336393341
#  0.0232995181052 0.192105263158 -81.1336431243
#  0.0232995181052 0.2 -81.133647235
0.0232995181051537, -81.13361321, 0.02271195396
#  0.0222299648253 0.05 -89.0395075005
#  0.0222299648253 0.0578947368421 -89.0395078189
#  0.0222299648253 0.0657894736842 -89.0395082366
#  0.0222299648253 0.0736842105263 -89.0395087669
#  0.0222299648253 0.0815789473684 -89.0395094232
#  0.0222299648253 0.0894736842105 -89.0395102188
#  0.0222299648253 0.0973684210526 -89.039511167
#  0.0222299648253 0.105263157895 -89.0395122809
#  0.0222299648253 0.113157894737 -89.0395135738
#  0.0222299648253 0.121052631579 -89.0395150587
#  0.0222299648253 0.128947368421 -89.0395167489
#  0.0222299648253 0.136842105263 -89.0395186573
#  0.0222299648253 0.144736842105 -89.0395207969
#  0.0222299648253 0.152631578947 -89.0395231808
#  0.0222299648253 0.160526315789 -89.0395258218
#  0.0222299648253 0.168421052632 -89.0395287329
#  0.0222299648253 0.176315789474 -89.0395319269
#  0.0222299648253 0.184210526316 -89.0395354167
#  0.0222299648253 0.192105263158 -89.0395392149
#  0.0222299648253 0.2 -89.0395433343
0.022229964825262, -89.03950924, 0.02276005452
#  0.0212095088792 0.05 -97.7199814072
#  0.0212095088792 0.0578947368421 -97.7199817263
#  0.0212095088792 0.0657894736842 -97.7199821449
#  0.0212095088792 0.0736842105263 -97.7199826763
#  0.0212095088792 0.0815789473684 -97.719983334
#  0.0212095088792 0.0894736842105 -97.7199841312
#  0.0212095088792 0.0973684210526 -97.7199850813
#  0.0212095088792 0.105263157895 -97.7199861974
#  0.0212095088792 0.113157894737 -97.7199874929
#  0.0212095088792 0.121052631579 -97.7199889809
#  0.0212095088792 0.128947368421 -97.7199906745
#  0.0212095088792 0.136842105263 -97.7199925867
#  0.0212095088792 0.144736842105 -97.7199947307
#  0.0212095088792 0.152631578947 -97.7199971194
#  0.0212095088792 0.160526315789 -97.7199997658
#  0.0212095088792 0.168421052632 -97.7200026827
#  0.0212095088792 0.176315789474 -97.7200058832
#  0.0212095088792 0.184210526316 -97.72000938
#  0.0212095088792 0.192105263158 -97.7200131859
#  0.0212095088792 0.2 -97.7200173137
0.0212095088792019, -97.71998315, 0.02280611225
#  0.0202358964773 0.05 -107.251144955
#  0.0202358964773 0.0578947368421 -107.251145275
#  0.0202358964773 0.0657894736842 -107.251145694
#  0.0202358964773 0.0736842105263 -107.251146227
#  0.0202358964773 0.0815789473684 -107.251146886
#  0.0202358964773 0.0894736842105 -107.251147685
#  0.0202358964773 0.0973684210526 -107.251148636
#  0.0202358964773 0.105263157895 -107.251149755
#  0.0202358964773 0.113157894737 -107.251151053
#  0.0202358964773 0.121052631579 -107.251152544
#  0.0202358964773 0.128947368421 -107.25115424
#  0.0202358964773 0.136842105263 -107.251156156
#  0.0202358964773 0.144736842105 -107.251158304
#  0.0202358964773 0.152631578947 -107.251160698
#  0.0202358964773 0.160526315789 -107.251163349
#  0.0202358964773 0.168421052632 -107.251166272
#  0.0202358964773 0.176315789474 -107.251169479
#  0.0202358964773 0.184210526316 -107.251172982
#  0.0202358964773 0.192105263158 -107.251176795
#  0.0202358964773 0.2 -107.251180931
0.0202358964772516, -107.2511467, 0.02285021221
