# Q, L/R, F(T=0), S/(4T^3)
0.166520158512, 5.005278934, -0.000864518186844, -5.91550731852e-06
0.16667779541, 4.999599392, -0.000867053975957, -5.93230221809e-06
0.166835731045, 4.99391985, -0.000869599777881, -5.94916071476e-06
0.166993966268, 4.988240308, -0.000872155642517, -5.96608371988e-06
0.167152501932, 4.982560766, -0.00087472162006, -5.98307031954e-06
0.167311338894, 4.976881224, -0.000877297761013, -6.000121424e-06
0.167470478014, 4.971201682, -0.000879884116186, -6.01723734023e-06
0.167629920153, 4.96552214, -0.000882480736693, -6.03441837617e-06
0.167789666179, 4.959842598, -0.000885087673959, -6.05166484132e-06
0.167949716962, 4.954163056, -0.000887704979724, -6.06897704724e-06
0.168110073374, 4.948483514, -0.000890332706039, -6.08635481319e-06
0.168270736291, 4.942803972, -0.000892970905272, -6.10379978325e-06
0.168431706593, 4.93712443, -0.000895619630109, -6.12131109811e-06
0.168592985163, 4.931444888, -0.000898278933562, -6.13888941744e-06
0.168754572888, 4.925765346, -0.00090094886896, -6.15653506197e-06
0.168916470657, 4.920085804, -0.000903629489964, -6.17424889233e-06
0.169078679364, 4.914406262, -0.000906320850556, -6.19203016037e-06
0.169241199904, 4.90872672, -0.000909023005056, -6.20987972609e-06
0.169404033179, 4.903047178, -0.000911736008111, -6.22779791846e-06
0.169567180092, 4.897367636, -0.000914459914707, -6.24578506601e-06
0.169730641549, 4.891688094, -0.000917194780165, -6.26384150163e-06
0.169894418461, 4.886008552, -0.00091994066015, -6.28196780565e-06
0.170058511743, 4.88032901, -0.000922697610664, -6.30016382115e-06
0.170222922312, 4.874649468, -0.000925465688059, -6.31843013102e-06
0.170387651088, 4.868969926, -0.000928244949032, -6.33676707489e-06
0.170552698998, 4.863290384, -0.000931035450631, -6.35517487573e-06
0.170718066969, 4.857610842, -0.000933837250257, -6.37365411324e-06
0.170883755932, 4.8519313, -0.000936650405664, -6.39220336063e-06
0.171049766824, 4.846251758, -0.000939474974968, -6.41082626328e-06
0.171216100584, 4.840572216, -0.000942311016642, -6.42952152686e-06
0.171382758154, 4.834892674, -0.000945158589522, -6.44828950316e-06
0.17154974048, 4.829213132, -0.000948017752812, -6.46713054585e-06
0.171717048515, 4.82353359, -0.000950888566085, -6.48604570209e-06
0.17188468321, 4.817854048, -0.00095377108928, -6.50503395068e-06
0.172052645523, 4.812174506, -0.000956665382714, -6.52409512192e-06
0.172220936417, 4.806494964, -0.00095957150708, -6.54323231493e-06
0.172389556856, 4.800815422, -0.00096248952345, -6.56244406337e-06
0.172558507808, 4.79513588, -0.000965419493278, -6.58173133912e-06
0.172727790248, 4.789456338, -0.000968361478403, -6.60109414084e-06
0.172897405151, 4.783776796, -0.000971315541051, -6.62053269358e-06
0.173067353497, 4.778097254, -0.000974281743841, -6.64004758888e-06
0.173237636272, 4.772417712, -0.000977260149784, -6.65963920231e-06
0.173408254462, 4.76673817, -0.000980250822286, -6.67930790907e-06
0.173579209061, 4.761058628, -0.000983253825156, -6.69905409058e-06
0.173750501063, 4.755379086, -0.000986269222602, -6.71887812803e-06
0.173922131469, 4.749699544, -0.000989297079239, -6.73878040372e-06
0.174094101283, 4.744020002, -0.00099233746009, -6.75876130488e-06
0.174266411512, 4.73834046, -0.00099539043059, -6.77882121957e-06
0.174439063169, 4.732660918, -0.000998456056587, -6.79896079841e-06
0.174612057268, 4.726981376, -0.00100153440435, -6.81918018545e-06
0.17478539483, 4.721301834, -0.00100462554056, -6.83947949685e-06
0.174959076879, 4.715622292, -0.00100772953233, -6.85985939842e-06
0.175133104443, 4.70994275, -0.00101084644721, -6.88032028997e-06
0.175307478554, 4.704263208, -0.00101397635315, -6.90086294429e-06
0.175482200247, 4.698583666, -0.00101711931856, -6.92148641543e-06
0.175657270563, 4.692904124, -0.00102027541228, -6.94219269824e-06
0.175832690547, 4.687224582, -0.00102344470358, -6.96298199624e-06
0.176008461248, 4.68154504, -0.00102662726219, -6.98385392288e-06
0.176184583717, 4.675865498, -0.00102982315828, -7.00480933553e-06
0.176361059013, 4.670185956, -0.00103303246246, -7.02584855886e-06
0.176537888196, 4.664506414, -0.00103625524581, -7.04697205796e-06
0.176715072332, 4.658826872, -0.00103949157986, -7.06818049344e-06
0.176892612491, 4.65314733, -0.00104274153658, -7.08947381584e-06
0.177070509747, 4.647467788, -0.00104600518845, -7.11085269061e-06
0.177248765178, 4.641788246, -0.00104928260836, -7.132317546e-06
0.177427379868, 4.636108704, -0.00105257386973, -7.15386881253e-06
0.177606354903, 4.630429162, -0.0010558790464, -7.17550692621e-06
0.177785691374, 4.62474962, -0.00105919821274, -7.19723232444e-06
0.177965390379, 4.619070078, -0.00106253144355, -7.21904631142e-06
0.178145453018, 4.613390536, -0.00106587881415, -7.24094760784e-06
0.178325880394, 4.607710994, -0.00106924040034, -7.26293751977e-06
0.178506673618, 4.602031452, -0.00107261627842, -7.28501649159e-06
0.178687833804, 4.59635191, -0.00107600652517, -7.30718497765e-06
0.178869362069, 4.590672368, -0.00107941121787, -7.32944342846e-06
0.179051259537, 4.584992826, -0.00108283043434, -7.35179230118e-06
0.179233527335, 4.579313284, -0.00108626425286, -7.37423274634e-06
0.179416166596, 4.573633742, -0.00108971275225, -7.39676385124e-06
0.179599178456, 4.5679542, -0.00109317601184, -7.41938676103e-06
0.179782564056, 4.562274658, -0.00109665411148, -7.44210194874e-06
0.179966324543, 4.556595116, -0.00110014713154, -7.46490988488e-06
0.180150461067, 4.550915574, -0.00110365515294, -7.48781103959e-06
0.180334974784, 4.545236032, -0.00110717825709, -7.51080589027e-06
0.180519866853, 4.53955649, -0.00111071652598, -7.53389517002e-06
0.18070513844, 4.533876948, -0.00111427004211, -7.55707885737e-06
0.180890790715, 4.528197406, -0.00111783888853, -7.58035768643e-06
0.181076824852, 4.522517864, -0.00112142314886, -7.60373214319e-06
0.18126324203, 4.516838322, -0.00112502290726, -7.62720316301e-06
0.181450043434, 4.51115878, -0.00112863824842, -7.65077036415e-06
0.181637230252, 4.505479238, -0.00113226925764, -7.67443467829e-06
0.181824803679, 4.499799696, -0.00113591602076, -7.69819660565e-06
0.182012764914, 4.494120154, -0.00113957862419, -7.72205664994e-06
0.182201115161, 4.488440612, -0.00114325715492, -7.74601573859e-06
0.182389855628, 4.48276107, -0.00114695170052, -7.77007354033e-06
0.18257898753, 4.477081528, -0.00115066234914, -7.79423098916e-06
0.182768512085, 4.471401986, -0.00115438918952, -7.81848859795e-06
0.182958430518, 4.465722444, -0.00115813231101, -7.84284688582e-06
0.183148744057, 4.460042902, -0.00116189180352, -7.86730675806e-06
0.183339453938, 4.45436336, -0.00116566775761, -7.89186834139e-06
0.183530561398, 4.448683818, -0.00116946026441, -7.91653182708e-06
0.183722067684, 4.443004276, -0.00117326941568, -7.94129841631e-06
0.183913974044, 4.437324734, -0.00117709530379, -7.96616847026e-06
0.184106281734, 4.431645192, -0.00118093802175, -7.99113987375e-06
0.184298992014, 4.42596565, -0.00118479766316, -8.01621819586e-06
0.18449210615, 4.420286108, -0.00118867432229, -8.04140101013e-06
0.184685625412, 4.414606566, -0.00119256809404, -8.06668807193e-06
0.184879551076, 4.408927024, -0.00119647907393, -8.09208243203e-06
0.185073884424, 4.403247482, -0.00120040735814, -8.11758340031e-06
0.185268626744, 4.39756794, -0.00120435304352, -8.14319158373e-06
0.185463779327, 4.391888398, -0.00120831622754, -8.16890745206e-06
0.185659343471, 4.386208856, -0.00121229700838, -8.1947316167e-06
0.185855320479, 4.380529314, -0.00121629548485, -8.22066465022e-06
0.186051711661, 4.374849772, -0.00122031175645, -8.24670744469e-06
0.18624851833, 4.36917023, -0.00122434592335, -8.27285993934e-06
0.186445741807, 4.363490688, -0.00122839808642, -8.29912303486e-06
0.186643383417, 4.357811146, -0.00123246834721, -8.32549731824e-06
0.186841444492, 4.352131604, -0.00123655680796, -8.3519833751e-06
0.187039926367, 4.346452062, -0.00124066357163, -8.37858179312e-06
0.187238830386, 4.34077252, -0.00124478874186, -8.40529317246e-06
0.187438157896, 4.335092978, -0.00124893242303, -8.4321181136e-06
0.187637910252, 4.329413436, -0.00125309472022, -8.45905721719e-06
0.187838088813, 4.323733894, -0.00125727573925, -8.48611138003e-06
0.188038694946, 4.318054352, -0.00126147558664, -8.51328064288e-06
0.18823973002, 4.31237481, -0.00126569436969, -8.54056624372e-06
0.188441195414, 4.306695268, -0.00126993219641, -8.56796812142e-06
0.188643092511, 4.301015726, -0.00127418917557, -8.5954876274e-06
0.188845422699, 4.295336184, -0.00127846541668, -8.62312281401e-06
0.189048187374, 4.289656642, -0.00128276103004, -8.65087707252e-06
0.189251387937, 4.2839771, -0.00128707612668, -8.67875166677e-06
0.189455025794, 4.278297558, -0.00129141081844, -8.70674603152e-06
0.18965910236, 4.272618016, -0.00129576521792, -8.73486080668e-06
0.189863619052, 4.266938474, -0.00130013943849, -8.7630966495e-06
0.190068577298, 4.261258932, -0.00130453359435, -8.7914546468e-06
0.190273978527, 4.25557939, -0.00130894780047, -8.81993530299e-06
0.190479824178, 4.249899848, -0.00131338217263, -8.8485382672e-06
0.190686115695, 4.244220306, -0.00131783682742, -8.8772649213e-06
0.190892854528, 4.238540764, -0.00132231188228, -8.90611469257e-06
0.191100042133, 4.232861222, -0.00132680745542, -8.93509073922e-06
0.191307679973, 4.22718168, -0.00133132366594, -8.96419331216e-06
0.191515769518, 4.221502138, -0.00133586063373, -8.99342147091e-06
0.191724312243, 4.215822596, -0.00134041847955, -9.02277671357e-06
0.19193330963, 4.210143054, -0.00134499732503, -9.0522597199e-06
0.192142763167, 4.204463512, -0.00134959729263, -9.08187119942e-06
0.19235267435, 4.19878397, -0.00135421850569, -9.11161184157e-06
0.192563044681, 4.193104428, -0.00135886108842, -9.14148325424e-06
0.192773875666, 4.187424886, -0.00136352516592, -9.17148435258e-06
0.192985168821, 4.181745344, -0.00136821086419, -9.20161673376e-06
0.193196925668, 4.176065802, -0.0013729183101, -9.23188113818e-06
0.193409147734, 4.17038626, -0.00137764763143, -9.26227827206e-06
0.193621836554, 4.164706718, -0.0013823989569, -9.29280974396e-06
0.193834993669, 4.159027176, -0.00138717241613, -9.32347454212e-06
0.194048620629, 4.153347634, -0.00139196813965, -9.35427426113e-06
0.194262718988, 4.147668092, -0.00139678625896, -9.38520965785e-06
0.194477290308, 4.14198855, -0.00140162690648, -9.41628147945e-06
0.194692336159, 4.136309008, -0.00140649021559, -9.44749046806e-06
0.194907858115, 4.130629466, -0.00141137632064, -9.47883770429e-06
0.19512385776, 4.124949924, -0.00141628535692, -9.51032331508e-06
0.195340336685, 4.119270382, -0.00142121746071, -9.54194838161e-06
0.195557296485, 4.11359084, -0.0014261727693, -9.57371420308e-06
0.195774738765, 4.107911298, -0.00143115142093, -9.60562099808e-06
0.195992665136, 4.102231756, -0.00143615355486, -9.63766909158e-06
0.196211077217, 4.096552214, -0.00144117931136, -9.66985976608e-06
0.196429976633, 4.090872672, -0.00144622883173, -9.70219379909e-06
0.196649365016, 4.08519313, -0.00145130225827, -9.73467201574e-06
0.196869244008, 4.079513588, -0.00145639973435, -9.76729558503e-06
0.197089615256, 4.073834046, -0.00146152140435, -9.8000649214e-06
0.197310480415, 4.068154504, -0.00146666741372, -9.83298047944e-06
0.197531841146, 4.062474962, -0.00147183790898, -9.86604344858e-06
0.19775369912, 4.05679542, -0.00147703303771, -9.89925466048e-06
0.197976056015, 4.051115878, -0.00148225294858, -9.93261479833e-06
0.198198913514, 4.045436336, -0.00148749779134, -9.96612498111e-06
0.198422273311, 4.039756794, -0.00149276771685, -9.99978625036e-06
0.198646137105, 4.034077252, -0.00149806287708, -1.00336003596e-05
0.198870506605, 4.02839771, -0.00150338342511, -1.00675659217e-05
0.199095383526, 4.022718168, -0.00150872951516, -1.01016842175e-05
0.199320769591, 4.017038626, -0.00151410130257, -1.01359566828e-05
0.199546666531, 4.011359084, -0.00151949894385, -1.0170384174e-05
0.199773076085, 4.005679542, -0.00152492259667, -1.02049676008e-05
0.2, 4, -0.00153037241985, -1.02397078294e-05
0.200227440031, 3.994320458, -0.0015358485734, -1.02746043056e-05
0.200455397941, 3.988640916, -0.00154135121852, -1.03096613945e-05
0.20068387554, 3.982961373, -0.00154688051858, -1.03448773686e-05
0.200912874528, 3.977281831, -0.00155243663525, -1.03802541556e-05
0.20114239673, 3.971602289, -0.00155801973432, -1.04157918299e-05
0.201372443944, 3.965922747, -0.00156362998187, -1.04514917186e-05
0.201603017971, 3.960243205, -0.00156926754519, -1.04873552976e-05
0.201834120665, 3.954563662, -0.00157493259385, -1.05233799615e-05
0.202065753764, 3.94888412, -0.00158062529566, -1.05595720813e-05
0.202297919137, 3.943204578, -0.00158634582274, -1.05959301529e-05
0.202530618621, 3.937525036, -0.00159209434746, -1.06324551536e-05
0.202763854062, 3.931845494, -0.00159787104351, -1.06691480075e-05
0.202997627353, 3.926165951, -0.00160367608691, -1.07060097172e-05
0.203231940275, 3.920486409, -0.00160950965194, -1.07430412236e-05
0.203466794741, 3.914806867, -0.00161537191728, -1.07802440179e-05
0.20370219263, 3.909127325, -0.00162126306191, -1.0817618609e-05
0.203938135829, 3.903447783, -0.0016271832662, -1.08551654409e-05
0.204174626278, 3.89776824, -0.00163313271292, -1.08928860363e-05
0.2044116658, 3.892088698, -0.00163911158309, -1.09307813863e-05
0.204649256351, 3.886409156, -0.00164512006226, -1.09688519506e-05
0.204887399853, 3.880729614, -0.00165115833633, -1.10070998397e-05
0.205126098241, 3.875050072, -0.00165722659265, -1.10455238119e-05
0.205365353498, 3.869370529, -0.00166332502105, -1.10841277368e-05
0.20560516749, 3.863690987, -0.0016694538096, -1.11229098491e-05
0.205845542219, 3.858011445, -0.00167561315103, -1.11618752151e-05
0.206086479654, 3.852331903, -0.00168180323849, -1.12010225713e-05
0.206327981773, 3.846652361, -0.00168802426661, -1.12403529991e-05
0.206570050607, 3.840972818, -0.00169427643261, -1.12798675189e-05
0.206812688067, 3.835293276, -0.00170055993193, -1.13195672372e-05
0.207055896201, 3.829613734, -0.00170687496485, -1.13594538394e-05
0.207299677027, 3.823934192, -0.00171322173206, -1.13995279325e-05
0.207544032568, 3.81825465, -0.00171960043582, -1.14397897857e-05
0.207788964903, 3.812575107, -0.00172601128111, -1.14802423843e-05
0.208034475989, 3.806895565, -0.00173245447106, -1.15208858895e-05
0.208280567925, 3.801216023, -0.00173893021382, -1.15617204502e-05
0.208527242773, 3.795536481, -0.00174543871801, -1.16027478365e-05
0.208774502651, 3.789856938, -0.00175198019503, -1.16439689348e-05
0.209022349555, 3.784177396, -0.00175855485448, -1.16853857393e-05
0.209270785622, 3.778497854, -0.00176516291106, -1.17269984779e-05
0.209519812955, 3.772818312, -0.00177180457997, -1.17688087794e-05
0.209769433668, 3.76713877, -0.00177848007815, -1.1810817887e-05
0.210019649928, 3.761459227, -0.00178518962538, -1.18530268484e-05
0.21027046378, 3.755779685, -0.00179193343964, -1.18954369059e-05
0.210521877412, 3.750100143, -0.00179871174417, -1.19380492657e-05
0.210773892978, 3.744420601, -0.0018055247628, -1.19808649011e-05
0.211026512643, 3.738741059, -0.00181237272112, -1.20238854879e-05
0.211279738626, 3.733061516, -0.00181925584772, -1.20671120256e-05
0.211533573022, 3.727381974, -0.00182617436935, -1.21105457324e-05
0.211788018072, 3.721702432, -0.00183312851822, -1.2154187858e-05
0.212043075983, 3.71602289, -0.00184011852715, -1.21980400672e-05
0.21229874897, 3.710343348, -0.00184714463082, -1.22421027882e-05
0.212555039307, 3.704663805, -0.00185420706705, -1.22863790578e-05
0.212811949143, 3.698984263, -0.00186130607178, -1.23308674548e-05
0.21306948077, 3.693304721, -0.0018684418866, -1.23755719968e-05
0.21332763645, 3.687625179, -0.00187561475377, -1.24204918275e-05
0.213586418453, 3.681945637, -0.00188282491752, -1.24656284092e-05
0.213845829108, 3.676266094, -0.00189007262528, -1.25109836664e-05
0.214105870615, 3.670586552, -0.00189735812267, -1.25565596048e-05
0.214366545326, 3.66490701, -0.00190468166109, -1.26023561829e-05
0.214627855555, 3.659227468, -0.00191204349272, -1.26483754307e-05
0.21488980363, 3.653547926, -0.00191944387176, -1.26946169112e-05
0.215152391935, 3.647868383, -0.00192688305577, -1.27410859924e-05
0.215415622727, 3.642188841, -0.00193436130047, -1.27877829012e-05
0.215679498414, 3.636509299, -0.00194187886758, -1.28347064547e-05
0.215944021369, 3.630829757, -0.00194943601966, -1.28818595401e-05
0.216209193975, 3.625150215, -0.00195703302136, -1.29292435637e-05
0.216475018677, 3.619470672, -0.00196467014089, -1.29768606644e-05
0.216741497789, 3.61379113, -0.00197234764455, -1.30247108128e-05
0.217008633776, 3.608111588, -0.00198006580489, -1.30727966973e-05
0.217276429072, 3.602432046, -0.00198782489533, -1.31211187088e-05
0.217544886119, 3.596752504, -0.00199562519155, -1.31696787539e-05
0.217814007422, 3.591072961, -0.00200346697285, -1.3218479651e-05
0.218083795353, 3.585393419, -0.00201135051669, -1.32675203981e-05
0.21835425244, 3.579713877, -0.00201927610694, -1.33167994143e-05
0.218625381176, 3.574034335, -0.00202724402847, -1.33663266834e-05
0.218897184066, 3.568354793, -0.00203525456848, -1.34160982609e-05
0.219169663675, 3.56267525, -0.00204330801795, -1.34661189214e-05
0.219442822438, 3.556995708, -0.00205140466601, -1.35163873872e-05
0.219716662945, 3.551316166, -0.00205954480848, -1.35669059925e-05
0.219991187751, 3.545636624, -0.00206772874219, -1.36176743153e-05
0.220266399426, 3.539957082, -0.00207595676643, -1.36686978537e-05
0.220542300598, 3.534277539, -0.00208422918448, -1.37199762401e-05
0.220818893764, 3.528597997, -0.00209254629774, -1.37715116054e-05
0.22109618158, 3.522918455, -0.00210090841451, -1.38233044475e-05
0.221374166667, 3.517238913, -0.00210931584422, -1.38753532251e-05
0.221652851657, 3.511559371, -0.00211776889888, -1.39276674232e-05
0.221932239246, 3.505879828, -0.00212626789465, -1.39802440614e-05
0.222212331996, 3.500200286, -0.00213481314581, -1.40330859044e-05
0.222493132629, 3.494520744, -0.0021434049738, -1.40861940203e-05
0.222774643833, 3.488841202, -0.00215204370128, -1.41395706418e-05
0.223056868308, 3.48316166, -0.00216072965363, -1.41932155641e-05
0.223339808819, 3.477482117, -0.00216946316052, -1.42471326232e-05
0.223623467993, 3.471802575, -0.00217824454977, -1.43013222067e-05
0.223907848622, 3.466123033, -0.00218707415665, -1.43557861559e-05
0.224192953463, 3.460443491, -0.0021959523177, -1.44105265708e-05
0.224478785335, 3.454763948, -0.00220487937392, -1.44655452168e-05
0.224765346922, 3.449084406, -0.00221385566448, -1.45208449368e-05
0.225052641073, 3.443404864, -0.00222288153617, -1.45764261542e-05
0.2253406706, 3.437725322, -0.00223195733719, -1.46322901237e-05
0.225629438331, 3.43204578, -0.00224108341869, -1.46884403245e-05
0.225918947158, 3.426366237, -0.00225026013648, -1.47448776935e-05
0.226209199836, 3.420686695, -0.00225948784454, -1.48016032583e-05
0.226500199285, 3.415007153, -0.00226876690479, -1.48586203891e-05
0.226791948393, 3.409327611, -0.00227809768062, -1.4915929569e-05
0.227084450058, 3.403648069, -0.00228748053857, -1.49735333601e-05
0.22737770725, 3.397968526, -0.00229691585001, -1.50314336655e-05
0.227671722795, 3.392288984, -0.00230640398453, -1.50896329751e-05
0.22796649969, 3.386609442, -0.00231594531993, -1.51481333282e-05
0.228262040897, 3.3809299, -0.00232554023561, -1.52069346525e-05
0.228558349392, 3.375250358, -0.00233518911428, -1.52660386455e-05
0.228855428219, 3.369570815, -0.0023448923437, -1.53254503648e-05
0.229153280282, 3.363891273, -0.00235465030986, -1.5385170236e-05
0.229451908655, 3.358211731, -0.0023644634073, -1.54452002692e-05
0.229751316378, 3.352532189, -0.00237433203226, -1.55055434093e-05
0.230051506506, 3.346852647, -0.00238425658447, -1.55661990077e-05
0.230352482162, 3.341173104, -0.00239423746895, -1.56271716686e-05
0.230654246327, 3.335493562, -0.00240427508897, -1.56884626247e-05
0.230956802158, 3.32981402, -0.00241436985667, -1.57500761786e-05
0.231260152775, 3.324134478, -0.00242452218602, -1.58120100068e-05
0.231564301311, 3.318454936, -0.00243473249471, -1.58742701016e-05
0.231869250975, 3.312775393, -0.00244500120589, -1.59368546962e-05
0.232175004828, 3.307095851, -0.00245532874105, -1.59997694172e-05
0.232481566108, 3.301416309, -0.00246571553086, -1.60630143944e-05
0.232788938019, 3.295736767, -0.00247616200799, -1.61265925496e-05
0.23309712378, 3.290057225, -0.00248666860902, -1.61905069179e-05
0.233406126682, 3.284377682, -0.00249723577623, -1.62547589617e-05
0.233715949871, 3.27869814, -0.00250786395028, -1.63193503092e-05
0.234026596671, 3.273018598, -0.00251855358139, -1.63842779284e-05
0.234338070371, 3.267339056, -0.00252930512195, -1.64495514661e-05
0.234650374277, 3.261659514, -0.0025401190284, -1.65151752399e-05
0.234963511768, 3.255979971, -0.00255099576322, -1.6581147915e-05
0.235277486075, 3.250300429, -0.00256193578729, -1.66474725661e-05
0.235592300613, 3.244620887, -0.00257293957142, -1.67141499818e-05
0.235907958759, 3.238941345, -0.00258400758876, -1.67811793488e-05
0.236224463909, 3.233261803, -0.00259514031675, -1.68485708745e-05
0.236541819532, 3.22758226, -0.00260633823914, -1.69163240896e-05
0.236860028948, 3.221902718, -0.00261760183812, -1.69844399401e-05
0.237179095664, 3.216223176, -0.00262893160625, -1.70529223563e-05
0.237499023149, 3.210543634, -0.00264032803856, -1.71217710844e-05
0.237819814891, 3.204864092, -0.00265179163464, -1.7190991123e-05
0.238141474453, 3.199184549, -0.00266332290067, -1.72605842182e-05
0.238464005249, 3.193505007, -0.00267492234135, -1.73305527377e-05
0.238787410879, 3.187825465, -0.00268659047216, -1.74008981685e-05
0.239111694908, 3.182145923, -0.00269832781125, -1.74716240904e-05
0.239436860919, 3.176466381, -0.00271013488157, -1.75427346243e-05
0.239762912573, 3.170786838, -0.00272201221298, -1.76142298999e-05
0.240089853378, 3.165107296, -0.00273396033394, -1.76861137102e-05
0.240417687034, 3.159427754, -0.00274597978411, -1.77583875354e-05
0.240746417202, 3.153748212, -0.00275807110607, -1.78310549096e-05
0.241076047567, 3.14806867, -0.00277023484742, -1.79041185098e-05
0.241406581888, 3.142389127, -0.00278247156303, -1.79775820691e-05
0.241738023773, 3.136709585, -0.00279478180645, -1.80514426752e-05
0.242070377022, 3.131030043, -0.00280716614291, -1.81257111899e-05
0.242403645401, 3.125350501, -0.00281962514074, -1.82003878761e-05
0.242737832694, 3.119670959, -0.00283215937361, -1.82754751947e-05
0.243072942766, 3.113991416, -0.00284476942281, -1.83509743426e-05
0.243408979325, 3.108311874, -0.0028574558684, -1.84268894307e-05
0.243745946279, 3.102632332, -0.0028702193026, -1.85032232038e-05
0.244083847498, 3.09695279, -0.00288306032099, -1.85799763017e-05
0.244422686931, 3.091273247, -0.00289597952706, -1.86571542618e-05
0.244762468372, 3.085593705, -0.00290897752317, -1.87347593517e-05
0.245103195814, 3.079914163, -0.00292205492425, -1.88127941655e-05
0.245444873215, 3.074234621, -0.00293521234879, -1.88912624155e-05
0.245787504552, 3.068555079, -0.00294845042117, -1.89701685551e-05
0.246131093886, 3.062875536, -0.00296176977406, -1.9049512788e-05
0.24647564512, 3.057195994, -0.00297517103915, -1.91292991831e-05
0.246821162359, 3.051516452, -0.00298865486119, -1.92095300217e-05
0.247167649672, 3.04583691, -0.00300222188882, -1.92902091843e-05
0.247515111149, 3.040157368, -0.00301587277687, -1.93713408236e-05
0.247863550966, 3.034477825, -0.00302960818891, -1.94529240603e-05
0.248212973139, 3.028798283, -0.0030434287876, -1.95349670554e-05
0.248563381888, 3.023118741, -0.00305733524933, -1.96174655337e-05
0.248914781398, 3.017439199, -0.00307132825457, -1.97004347971e-05
0.249267175878, 3.011759657, -0.00308540849041, -1.97838704382e-05
0.24962056962, 3.006080114, -0.0030995766531, -1.98677768703e-05
0.249974966757, 3.000400572, -0.00311383343814, -1.99521550162e-05
0.25033037163, 2.99472103, -0.00312817955534, -2.00370129227e-05
0.250686788545, 2.989041488, -0.00314261571894, -2.01223516356e-05
0.25104422183, 2.983361946, -0.00315714265015, -2.02081745526e-05
0.251402675901, 2.977682403, -0.00317176107983, -2.02944858373e-05
0.251762155012, 2.972002861, -0.00318647173826, -2.03812884708e-05
0.252122663629, 2.966323319, -0.00320127537068, -2.04685858093e-05
0.252484206181, 2.960643777, -0.00321617272705, -2.05563801784e-05
0.252846787121, 2.954964235, -0.00323116456477, -2.06446775804e-05
0.253210410996, 2.949284692, -0.00324625165136, -2.07334803427e-05
0.253575082181, 2.94360515, -0.00326143475396, -2.08227904572e-05
0.253940805273, 2.937925608, -0.00327671465532, -2.09126130491e-05
0.25430758483, 2.932246066, -0.00329209214331, -2.10029494354e-05
0.254675425435, 2.926566524, -0.00330756801365, -2.10938079801e-05
0.255044331766, 2.920886981, -0.00332314307276, -2.11851909934e-05
0.25541430833, 2.915207439, -0.00333881812682, -2.12771004729e-05
0.255785359856, 2.909527897, -0.00335459399842, -2.13695429774e-05
0.256157491036, 2.903848355, -0.00337047151557, -2.14625178604e-05
0.256530706588, 2.898168813, -0.00338645151467, -2.15560346933e-05
0.256905011327, 2.89248927, -0.00340253484335, -2.16500947243e-05
0.257280409894, 2.886809728, -0.00341872234926, -2.17446986428e-05
0.257656907157, 2.881130186, -0.00343501489719, -2.1839853205e-05
0.258034507948, 2.875450644, -0.00345141335781, -2.1935563646e-05
0.258413217124, 2.869771102, -0.00346791861064, -2.20318315232e-05
0.25879303964, 2.864091559, -0.00348453154708, -2.21286621511e-05
0.259173980278, 2.858412017, -0.00350125305878, -2.22260595961e-05
0.259556044052, 2.852732475, -0.00351808405535, -2.23240304638e-05
0.259939235934, 2.847052933, -0.00353502545272, -2.24225758334e-05
0.260323560928, 2.841373391, -0.00355207817621, -2.25216988643e-05
0.260709024137, 2.835693848, -0.00356924316368, -2.26214007517e-05
0.261095630487, 2.830014306, -0.00358652135354, -2.27216964452e-05
0.26148338514, 2.824334764, -0.00360391370297, -2.28225845783e-05
0.26187229322, 2.818655222, -0.00362142117597, -2.29240679522e-05
0.26226235988, 2.81297568, -0.00363904474657, -2.30261543638e-05
0.262653590374, 2.807296137, -0.00365678540197, -2.31288365282e-05
0.263045989781, 2.801616595, -0.00367464413022, -2.32321361743e-05
0.263439563417, 2.795937053, -0.00369262193913, -2.3336047993e-05
0.26383431656, 2.790257511, -0.00371071984378, -2.34405811528e-05
0.26423025452, 2.784577969, -0.00372893886991, -2.35457378236e-05
0.26462738271, 2.778898426, -0.00374728005724, -2.36515239865e-05
0.265025706365, 2.773218884, -0.00376574444662, -2.37579418304e-05
0.26542523096, 2.767539342, -0.00378433309961, -2.38649994815e-05
0.265825961935, 2.7618598, -0.00380304708569, -2.39726974501e-05
0.266227904763, 2.756180258, -0.00382188748561, -2.40810400548e-05
0.26663106502, 2.750500715, -0.0038408553949, -2.41900383421e-05
0.267035448104, 2.744821173, -0.00385995191062, -2.42996940453e-05
0.267441059656, 2.739141631, -0.00387917815155, -2.44100090428e-05
0.267847905285, 2.733462089, -0.00389853524501, -2.4520992983e-05
0.268255990702, 2.727782546, -0.00391802433374, -2.46326494514e-05
0.268665321439, 2.722103004, -0.00393764656238, -2.47449830397e-05
0.269075903278, 2.716423462, -0.00395740309814, -2.48579972235e-05
0.269487741962, 2.71074392, -0.00397729511728, -2.49716987298e-05
0.269900843272, 2.705064378, -0.00399732380871, -2.50860951535e-05
0.270315213097, 2.699384835, -0.00401749037766, -2.52011869997e-05
0.270730857141, 2.693705293, -0.0040377960317, -2.53169827916e-05
0.271147781365, 2.688025751, -0.00405824200213, -2.54334895652e-05
0.271565991692, 2.682346209, -0.00407882953, -2.55507068348e-05
0.271985494082, 2.676666667, -0.00409955986983, -2.56686446494e-05
0.272406294607, 2.670987124, -0.00412043429347, -2.57873089885e-05
0.272828399153, 2.665307582, -0.00414145407553, -2.59066968734e-05
0.273251813865, 2.65962804, -0.00416262051563, -2.60268281386e-05
0.273676544852, 2.653948498, -0.0041839349239, -2.61476975623e-05
0.274102598262, 2.648268956, -0.00420539862483, -2.62693157228e-05
0.274529980357, 2.642589413, -0.00422701296127, -2.63916858263e-05
0.27495869721, 2.636909871, -0.00424877927936, -2.65148159378e-05
0.275388755159, 2.631230329, -0.0042706989516, -2.66387095816e-05
0.275820160508, 2.625550787, -0.00429277336179, -2.6763356407e-05
0.276252919598, 2.619871245, -0.00431500390908, -2.6888798282e-05
0.276687038888, 2.614191702, -0.00433739201208, -2.70150218076e-05
0.277122524647, 2.60851216, -0.00435993909329, -2.71420340771e-05
0.277559383415, 2.602832618, -0.00438264660297, -2.7269838901e-05
0.277997621695, 2.597153076, -0.0044055160036, -2.73984505268e-05
0.278437246031, 2.591473534, -0.004428548774, -2.7527867496e-05
0.278878263088, 2.585793991, -0.00445174641368, -2.76580971688e-05
0.279320679337, 2.580114449, -0.00447511042671, -2.77891498865e-05
0.279764501528, 2.574434907, -0.0044986423464, -2.7921029691e-05
0.280209736371, 2.568755365, -0.00452234371923, -2.80537410215e-05
0.280656390623, 2.563075823, -0.0045462161092, -2.81872902477e-05
0.281104471161, 2.55739628, -0.00457026110227, -2.83216868964e-05
0.281553984669, 2.551716738, -0.00459448028963, -2.84569353767e-05
0.282004938112, 2.546037196, -0.00461887529339, -2.85930449578e-05
0.282457338419, 2.540357654, -0.00464344774988, -2.87300240575e-05
0.282911192565, 2.534678112, -0.00466819931409, -2.88678740397e-05
0.28336650765, 2.528998569, -0.00469313166444, -2.90066036655e-05
0.283823290578, 2.523319027, -0.00471824648533, -2.91462195347e-05
0.28428154854, 2.517639485, -0.00474354549381, -2.92867298916e-05
0.284741288691, 2.511959943, -0.00476903042231, -2.94281354309e-05
0.285202518234, 2.506280401, -0.00479470302324, -2.95704559106e-05
0.285665244501, 2.500600858, -0.00482056507393, -2.97136965712e-05
0.286129474624, 2.494921316, -0.00484661835852, -2.98578595857e-05
0.28659521603, 2.489241774, -0.00487286469572, -3.00029521898e-05
0.28706247611, 2.483562232, -0.00489930592083, -3.01489848378e-05
0.287531262304, 2.47788269, -0.00492594389055, -3.02959614267e-05
0.288001582184, 2.472203147, -0.00495278048811, -3.04438840093e-05
0.288473443123, 2.466523605, -0.00497981760454, -3.05927645756e-05
0.28894685279, 2.460844063, -0.00500705716742, -3.0742615415e-05
0.289421818823, 2.455164521, -0.00503450112225, -3.08934524934e-05
0.289898348909, 2.449484979, -0.00506215143752, -3.10452729223e-05
0.290376450872, 2.443805436, -0.00509001010993, -3.11980860651e-05
0.290856132332, 2.438125894, -0.0051180791451, -3.13519030426e-05
0.291337401215, 2.432446352, -0.00514636058729, -3.15067275792e-05
0.291820265412, 2.42676681, -0.00517485650021, -3.16625759682e-05
0.292304732871, 2.421087268, -0.00520356897216, -3.18194422992e-05
0.292790811674, 2.415407725, -0.0052325001216, -3.19773442687e-05
0.293278509702, 2.409728183, -0.00526165207705, -3.21362905052e-05
0.293767835147, 2.404048641, -0.00529102700796, -3.22962848269e-05
0.294258796166, 2.398369099, -0.00532062710487, -3.2457340193e-05
0.294751400975, 2.392689557, -0.00535045458471, -3.26194640868e-05
0.29524565793, 2.387010014, -0.00538051169661, -3.27826654997e-05
0.295741575182, 2.381330472, -0.00541080070101, -3.29469459141e-05
0.296239161198, 2.37565093, -0.00544132390186, -3.31123320784e-05
0.296738424415, 2.369971388, -0.00547208362582, -3.32788182926e-05
0.297239373417, 2.364291845, -0.00550308223351, -3.3446421886e-05
0.297742016578, 2.358612303, -0.00553432209797, -3.36151465062e-05
0.298246362597, 2.352932761, -0.0055658056379, -3.37850074876e-05
0.298752420141, 2.347253219, -0.0055975352962, -3.39560027333e-05
0.299260197937, 2.341573677, -0.00562951354593, -3.41281456517e-05
0.299769704862, 2.335894134, -0.00566174289645, -3.43014461664e-05
0.300280949583, 2.330214592, -0.00569422587109, -3.44759272535e-05
0.300793941096, 2.32453505, -0.00572696504164, -3.46515771066e-05
0.301308688368, 2.318855508, -0.00575996300622, -3.4828429448e-05
0.301825200431, 2.313175966, -0.00579322239536, -3.50064804966e-05
0.302343486465, 2.307496423, -0.00582674587845, -3.51857464923e-05
0.302863555443, 2.301816881, -0.00586053614052, -3.5366237658e-05
0.303385416672, 2.296137339, -0.00589459591818, -3.55479534647e-05
0.303909079433, 2.290457797, -0.0059289279766, -3.57309085167e-05
0.304434553072, 2.284778255, -0.00596353511586, -3.5915119141e-05
0.304961847089, 2.279098712, -0.00599842017766, -3.61005928598e-05
0.305490970776, 2.27341917, -0.00603358602124, -3.62873395843e-05
0.306021933765, 2.267739628, -0.00606903556077, -3.64753713019e-05
0.306554745663, 2.262060086, -0.00610477174141, -3.66646931714e-05
0.307089416144, 2.256380544, -0.00614079754594, -3.6855325782e-05
0.307625955046, 2.250701001, -0.00617711600182, -3.70472826088e-05
0.308164371988, 2.245021459, -0.00621373015607, -3.72405648635e-05
0.308704676944, 2.239341917, -0.00625064311432, -3.7435183822e-05
0.309246879863, 2.233662375, -0.00628785801582, -3.76311620763e-05
0.309790990763, 2.227982833, -0.00632537804045, -3.78284988757e-05
0.310337019828, 2.22230329, -0.00636320641602, -3.80272148463e-05
0.310884977027, 2.216623748, -0.00640134639225, -3.82273073648e-05
0.311434872687, 2.210944206, -0.00643980128135, -3.84288106112e-05
0.311986717113, 2.205264664, -0.00647857443212, -3.86317254912e-05
0.312540520683, 2.199585122, -0.00651766923722, -3.88360512709e-05
0.313096293947, 2.193905579, -0.00655708914086, -3.90418285823e-05
0.313654047233, 2.188226037, -0.00659683761166, -3.92490577465e-05
0.314213791243, 2.182546495, -0.006636918185, -3.94577464019e-05
0.314775536651, 2.176866953, -0.0066773344361, -3.96679149391e-05
0.315339294212, 2.171187411, -0.00671808998755, -3.98795651911e-05
0.315905074857, 2.165507868, -0.00675918851746, -4.00927186806e-05
0.316472889293, 2.159828326, -0.00680063373115, -4.03073845881e-05
0.317042748609, 2.154148784, -0.00684242940537, -4.0523579406e-05
0.317614663869, 2.148469242, -0.00688457936014, -4.07413193039e-05
0.318188646221, 2.1427897, -0.00692708746687, -4.09606079991e-05
0.318764706993, 2.137110157, -0.00696995765671, -4.11814686331e-05
0.31934285729, 2.131430615, -0.00701319389116, -4.14039072599e-05
0.319923108605, 2.125751073, -0.00705680020816, -4.16279478832e-05
0.320505472411, 2.120071531, -0.00710078069289, -4.18535996957e-05
0.321089960266, 2.114391989, -0.00714513948614, -4.2080881615e-05
0.321676583914, 2.108712446, -0.00718988079315, -4.230978743e-05
0.322265354876, 2.103032904, -0.00723500885293, -4.25403621128e-05
0.322856285069, 2.097353362, -0.00728052798649, -4.27726083966e-05
0.323449386391, 2.09167382, -0.00732644256631, -4.30065180498e-05
0.324044670831, 2.085994278, -0.00737275702525, -4.32421450997e-05
0.324642150569, 2.080314735, -0.00741947586571, -4.34794881728e-05
0.325241837561, 2.074635193, -0.00746660362769, -4.37185616848e-05
0.325843744166, 2.068955651, -0.00751414493926, -4.39593894566e-05
0.32644788273, 2.063276109, -0.00756210448462, -4.42019745715e-05
0.327054265691, 2.057596567, -0.00761048701352, -4.44463194166e-05
0.327662905687, 2.051917024, -0.00765929735094, -4.46924796518e-05
0.328273815127, 2.046237482, -0.0077085403637, -4.49404505507e-05
0.328887006837, 2.04055794, -0.00775822101321, -4.51902406563e-05
0.329502493628, 2.034878398, -0.00780834432231, -4.54418810196e-05
0.330120288412, 2.029198856, -0.00785891538506, -4.56953811753e-05
0.330740404303, 2.023519313, -0.0079099393769, -4.59507642214e-05
0.331362854188, 2.017839771, -0.00796142151987, -4.6208040868e-05
0.331987651378, 2.012160229, -0.00801336713783, -4.64672202289e-05
0.332614809177, 2.006480687, -0.00806578162183, -4.67283432394e-05
0.333244341099, 2.000801144, -0.00811867044972, -4.69914101508e-05
0.333876260427, 1.995121602, -0.00817203915018, -4.72564510018e-05
0.334510580881, 1.98944206, -0.00822589335987, -4.75234578406e-05
0.335147316171, 1.983762518, -0.00828023878776, -4.77924864654e-05
0.335786480115, 1.978082976, -0.00833508122573, -4.80635339809e-05
0.336428086746, 1.972403433, -0.00839042655983, -4.83366206174e-05
0.337072149867, 1.966723891, -0.00844628073268, -4.86117575297e-05
0.337718683726, 1.961044349, -0.00850264980348, -4.88889956091e-05
0.33836770257, 1.955364807, -0.0085595399105, -4.91683155658e-05
0.339019220751, 1.949685265, -0.00861695728256, -4.94497638768e-05
0.33967325285, 1.944005722, -0.00867490825071, -4.97333509287e-05
0.340329813214, 1.93832618, -0.00873339920906, -5.00191058097e-05
0.340988916647, 1.932646638, -0.00879243667751, -5.03070292344e-05
0.341650577954, 1.926967096, -0.00885202726293, -5.05971595786e-05
0.342314812053, 1.921287554, -0.00891217767086, -5.08894967695e-05
0.342981634097, 1.915608011, -0.00897289471813, -5.11840863253e-05
0.343651059005, 1.909928469, -0.00903418529177, -5.14809457197e-05
0.344323102164, 1.904248927, -0.00909605641495, -5.17800810053e-05
0.344997778965, 1.898569385, -0.00915851520628, -5.20815024025e-05
0.34567510492, 1.892889843, -0.00922156889233, -5.23852863873e-05
0.346355095782, 1.8872103, -0.00928522482077, -5.26914007851e-05
0.34703776707, 1.881530758, -0.00934949041763, -5.29998960124e-05
0.347723134784, 1.875851216, -0.00941437325636, -5.33107983902e-05
0.348411214931, 1.870171674, -0.00947988101534, -5.36241187505e-05
0.349102023646, 1.864492132, -0.00954602149117, -5.39398837722e-05
0.349795577313, 1.858812589, -0.00961280261256, -5.42581125351e-05
0.35049189208, 1.853133047, -0.00968023239551, -5.4578834619e-05
0.351190984592, 1.847453505, -0.00974831901608, -5.49020710133e-05
0.351892871502, 1.841773963, -0.00981707076585, -5.52278453774e-05
0.3525975696, 1.836094421, -0.00988649606581, -5.55561914305e-05
0.353305095932, 1.830414878, -0.00995660348143, -5.5887112625e-05
0.35401546731, 1.824735336, -0.0100274016755, -5.62206564773e-05
0.354728701052, 1.819055794, -0.0100988994849, -5.65568168128e-05
0.355444814496, 1.813376252, -0.0101711058735, -5.6895658003e-05
0.356163825116, 1.80769671, -0.0102440299477, -5.72372074969e-05
0.356885750658, 1.802017167, -0.0103176809716, -5.75814745727e-05
0.357610608626, 1.796337625, -0.0103920683181, -5.79284908329e-05
0.358338417054, 1.790658083, -0.0104672015494, -5.82782774402e-05
0.359069193991, 1.784978541, -0.0105430903683, -5.86308582975e-05
0.359802957638, 1.779298999, -0.0106197446337, -5.89862794003e-05
0.360539726471, 1.773619456, -0.0106971743778, -5.93445584479e-05
0.361279518729, 1.767939914, -0.0107753897542, -5.97056972215e-05
0.362022353192, 1.762260372, -0.0108544011227, -6.0069766002e-05
0.362768248664, 1.75658083, -0.0109342189987, -6.0436782275e-05
0.363517224105, 1.750901288, -0.0110148540695, -6.08067767817e-05
0.364269298763, 1.745221745, -0.0110963172124, -6.11797169847e-05
0.365024491649, 1.739542203, -0.0111786194405, -6.1555742587e-05
0.365782822329, 1.733862661, -0.0112617719924, -6.19348275422e-05
0.3665443104, 1.728183119, -0.0113457862784, -6.23170212812e-05
0.367308975624, 1.722503577, -0.0114306738988, -6.27023229433e-05
0.36807683806, 1.716824034, -0.0115164466624, -6.3090799521e-05
0.368847917531, 1.711144492, -0.0116031165304, -6.3482452324e-05
0.369622234433, 1.70546495, -0.0116906957102, -6.38773193045e-05
0.370399809198, 1.699785408, -0.0117791966001, -6.42754298029e-05
0.371180662431, 1.694105866, -0.0118686318077, -6.46768575304e-05
0.371964815046, 1.688426323, -0.0119590141707, -6.50816039698e-05
0.372752287723, 1.682746781, -0.012050356697, -6.54896698108e-05
0.373543101732, 1.677067239, -0.012142672665, -6.59011449086e-05
0.374337278383, 1.671387697, -0.0122359755642, -6.63160527241e-05
0.37513483917, 1.665708155, -0.0123302791163, -6.67344264139e-05
0.375935805912, 1.660028612, -0.0124255972966, -6.71562932481e-05
0.376740200188, 1.65434907, -0.0125219442713, -6.75816911218e-05
0.377548044189, 1.648669528, -0.0126193345035, -6.80106609267e-05
0.378359360155, 1.642989986, -0.0127177826914, -6.84432311464e-05
0.379174170661, 1.637310443, -0.0128173038079, -6.88794404882e-05
0.379992498044, 1.631630901, -0.0129179130354, -6.93193435402e-05
0.380814365267, 1.625951359, -0.0130196258768, -6.97629506304e-05
0.38163979535, 1.620271817, -0.013122458091, -7.02103164537e-05
0.382468811509, 1.614592275, -0.0132264257165, -7.06614693785e-05
0.383301437313, 1.608912732, -0.0133315450955, -7.11164737421e-05
0.384137696093, 1.60323319, -0.0134378328061, -7.15753630059e-05
0.384977611827, 1.597553648, -0.0135453057793, -7.20381783663e-05
0.385821208555, 1.591874106, -0.0136539812317, -7.25049563108e-05
0.386668510529, 1.586194564, -0.0137638766906, -7.29757412667e-05
0.387519542363, 1.580515021, -0.0138750100202, -7.34505278882e-05
0.38837432844, 1.574835479, -0.0139873993502, -7.39294259594e-05
0.389232893807, 1.569155937, -0.0141010632, -7.44124544167e-05
0.390095263584, 1.563476395, -0.0142160204082, -7.48996724396e-05
0.390961463115, 1.557796853, -0.0143322901592, -7.53911121189e-05
0.391831518121, 1.55211731, -0.0144498920118, -7.58867671299e-05
0.392705454092, 1.546437768, -0.0145688458241, -7.63867760289e-05
0.393583297209, 1.540758226, -0.0146891718856, -7.68911507552e-05
0.394465073732, 1.535078684, -0.0148108908427, -7.7399926416e-05
0.395350810157, 1.529399142, -0.0149340237279, -7.79131524144e-05
0.396240533376, 1.523719599, -0.0150585919908, -7.84308401338e-05
0.397134270053, 1.518040057, -0.0151846174185, -7.89531099675e-05
0.398032047562, 1.512360515, -0.0153121222766, -7.94799638458e-05
0.398933893372, 1.506680973, -0.015441129231, -8.00114767335e-05
0.399839835198, 1.501001431, -0.0155716613796, -8.05476615531e-05
0.400749901169, 1.495321888, -0.0157037422851, -8.1088629881e-05
0.401664119188, 1.489642346, -0.0158373958923, -8.16344022536e-05
0.402582517898, 1.483962804, -0.0159726466776, -8.218502439e-05
0.403505126042, 1.478283262, -0.0161095195676, -8.27405382319e-05
0.404431972625, 1.47260372, -0.0162480399723, -8.33009970196e-05
0.405363087088, 1.466924177, -0.0163882338222, -8.38664824206e-05
0.406298498646, 1.461244635, -0.0165301274801, -8.44370575641e-05
0.40723823728, 1.455565093, -0.0166737479013, -8.50127639329e-05
0.408182333086, 1.449885551, -0.0168191225476, -8.5593618508e-05
0.409130816436, 1.444206009, -0.0169662794246, -8.61797616993e-05
0.410083718156, 1.438526466, -0.0171152471201, -8.67711701501e-05
0.411041068854, 1.432846924, -0.0172660547133, -8.73679576777e-05
0.41200289993, 1.427167382, -0.017418731945, -8.79701218224e-05
0.41296924291, 1.42148784, -0.0175733091273, -8.85777956695e-05
0.413940129615, 1.415808298, -0.0177298171843, -8.91910247033e-05
0.414915592341, 1.410128755, -0.0178882876947, -8.98098583948e-05
0.41589566317, 1.404449213, -0.0180487527953, -9.0434355139e-05
0.416880375006, 1.398769671, -0.0182112453641, -9.10645297089e-05
0.417869760893, 1.393090129, -0.0183757989251, -9.17005558767e-05
0.418863854188, 1.387410587, -0.0185424476925, -9.23424116155e-05
0.419862688744, 1.381731044, -0.0187112266182, -9.29901568674e-05
0.420866298209, 1.376051502, -0.0188821712897, -9.3643976687e-05
0.42187471708, 1.37037196, -0.0190553181264, -9.430383102e-05
0.422887980013, 1.364692418, -0.0192307042803, -9.49698322394e-05
0.423906121994, 1.359012876, -0.0194083676842, -9.56419611529e-05
0.42492917853, 1.353333333, -0.0195883471032, -9.63204169645e-05
0.425957184928, 1.347653791, -0.0197706820288, -9.70052401616e-05
0.42699017738, 1.341974249, -0.0199554128885, -9.76963995819e-05
0.42802819225, 1.336294707, -0.0201425809424, -9.83941124235e-05
0.429071266255, 1.330615165, -0.020332228336, -9.9098382342e-05
0.430119436658, 1.324935622, -0.0205243981576, -9.98093109935e-05
0.431172740528, 1.31925608, -0.0207191343256, -0.000100526933972
0.432231215858, 1.313576538, -0.0209164818163, -0.000101251308586
0.433294900827, 1.307896996, -0.0211164865536, -0.000101982607438
0.434363833991, 1.302217454, -0.0213191954685, -0.000102720827617
0.435438054478, 1.296537911, -0.0215246565626, -0.000103466121345
0.436517601233, 1.290858369, -0.0217329187893, -0.000104218548985
0.43760251416, 1.285178827, -0.0219440322999, -0.000104978141654
0.438692833369, 1.279499285, -0.0221580483281, -0.000105744996591
0.439788599566, 1.273819742, -0.0223750192949, -0.000106519281524
0.440889853282, 1.2681402, -0.0225949986855, -0.000107300930935
0.441996636036, 1.262460658, -0.0228180413112, -0.000108090202588
0.443108989574, 1.256781116, -0.0230442031898, -0.000108887140258
0.44422695606, 1.251101574, -0.0232735416172, -0.000109691734371
0.445350578285, 1.245422031, -0.0235061152444, -0.000110504205293
0.446479898877, 1.239742489, -0.0237419839489, -0.000111324475149
0.447614961496, 1.234062947, -0.0239812091181, -0.000112152815373
0.448755810044, 1.228383405, -0.0242238535246, -0.000112989277318
0.449902488877, 1.222703863, -0.0244699814065, -0.000113833904847
0.451055043005, 1.21702432, -0.0247196585533, -0.000114686873704
0.45221351729, 1.211344778, -0.0249729521717, -0.000115548219977
0.453377957669, 1.205665236, -0.0252299311934, -0.000116418004111
0.45454841035, 1.199985694, -0.0254906661453, -0.000117296395158
0.455724922016, 1.194306152, -0.0257552292403, -0.000118183500211
0.456907540047, 1.188626609, -0.026023694473, -0.000119079464538
0.458096311687, 1.182947067, -0.0262961374802, -0.000119984303195
0.4592912853, 1.177267525, -0.0265726358769, -0.00012089816071
0.46049250955, 1.171587983, -0.0268532691209, -0.000121821087428
0.461700033607, 1.165908441, -0.0271381186153, -0.000122753291975
0.462913907376, 1.160228898, -0.0274272678172, -0.00012369488326
0.464134180642, 1.154549356, -0.027720802093, -0.000124645971663
0.465360904362, 1.148869814, -0.0280188090848, -0.000125606604009
0.466594129819, 1.143190272, -0.0283213785711, -0.000126576856688
0.467833908838, 1.13751073, -0.0286286025834, -0.00012755697771
0.46908029402, 1.131831187, -0.0289405755292, -0.000128547074689
0.470333337865, 1.126151645, -0.0292573940427, -0.000129547274502
0.471593094097, 1.120472103, -0.0295791573865, -0.000130557584955
0.472859616797, 1.114792561, -0.0299059673089, -0.000131578136951
0.474132960629, 1.109113019, -0.0302379281768, -0.000132609223443
0.475413181073, 1.103433476, -0.0305751471164, -0.000133650917744
0.476700333529, 1.097753934, -0.030917733859, -0.000134703301491
0.477994474682, 1.092074392, -0.0312658011849, -0.000135766465479
0.479295661605, 1.08639485, -0.0316194647766, -0.000136840528327
0.480603951994, 1.080715308, -0.0319788433718, -0.000137925800852
0.481919404411, 1.075035765, -0.0323440589256, -0.000139022331759
0.48324207736, 1.069356223, -0.032715236453, -0.000140130213027
0.48457203069, 1.063676681, -0.033092504519, -0.000141249647273
0.485909324678, 1.057997139, -0.0334759950918, -0.000142380655514
0.487254020266, 1.052317597, -0.0338658437185, -0.000143523576617
0.488606179312, 1.046638054, -0.0342621897132, -0.000144678447376
0.489965863647, 1.040958512, -0.0346651759977, -0.000145845463689
0.491333136509, 1.03527897, -0.0350749496465, -0.000147024647962
0.492708061603, 1.029599428, -0.0354916617405, -0.00014821636955
0.494090703351, 1.023919886, -0.0359154675712, -0.000149420612273
0.495481127145, 1.018240343, -0.0363465268599, -0.000150637679836
0.496879398378, 1.012560801, -0.0367850035997, -0.000151867578847
0.498285583921, 1.006881259, -0.0372310666633, -0.000153110547338
0.499699751157, 1.001201717, -0.0376848896605, -0.000154366779223
0.501121968364, 0.9955221745, -0.0381466512193, -0.000155636472528
0.502552304271, 0.9898426323, -0.0386165350117, -0.000156919667526
0.503990828672, 0.9841630901, -0.0390947301272, -0.000158216551004
0.505437612085, 0.9784835479, -0.039581431146, -0.000159527517655
0.506892725841, 0.9728040057, -0.0400768383577, -0.000160852549752
0.508356242096, 0.9671244635, -0.0405811579628, -0.00016219176245
0.50982823384, 0.9614449213, -0.0410946022836, -0.000163545534908
0.511308774911, 0.9557653791, -0.0416173899831, -0.000164913989169
0.512797940007, 0.9500858369, -0.0421497462937, -0.000166297273569
0.514295804702, 0.9444062947, -0.0426919032553, -0.000167695485744
0.515802445451, 0.9387267525, -0.0432440999639, -0.000169109111212
0.517317939609, 0.9330472103, -0.0438065828292, -0.000170538168751
0.518842365445, 0.9273676681, -0.0443796058466, -0.000171982755843
0.520375802151, 0.9216881259, -0.0449634308773, -0.000173443135254
0.521918329859, 0.9160085837, -0.0455583279429, -0.000174919726414
0.523470029652, 0.9103290415, -0.0461645755327, -0.000176412419
0.525030983584, 0.9046494993, -0.0467824609236, -0.000177921538613
0.526601274686, 0.8989699571, -0.0474122805153, -0.00017944752503
0.52818098699, 0.8932904149, -0.0480543401791, -0.000180990234173
0.529770205535, 0.8876108727, -0.0487089556248, -0.000182550063994
0.531369016389, 0.8819313305, -0.0493764527813, -0.00018412737372
0.532977506663, 0.8762517883, -0.0500571681966, -0.000185722075605
0.534595764523, 0.8705722461, -0.0507514494558, -0.000187334650771
0.536223879212, 0.8648927039, -0.0514596556171, -0.00018896532569
0.537861941062, 0.8592131617, -0.0521821576706, -0.000190614120848
0.539510041512, 0.8535336195, -0.0529193390157, -0.000192281509198
0.541168273125, 0.8478540773, -0.0536715959632, -0.000193967671417
0.542836729608, 0.8421745351, -0.0544393382601, -0.000195672750058
0.544515505852, 0.8364949928, -0.0552229896538, -0.000197397023904
0.546204697842, 0.8308154506, -0.0560229884131, -0.000199140812775
0.547904402843, 0.8251359084, -0.0568397880162, -0.000200904549383
0.549614719307, 0.8194563662, -0.0576738577286, -0.000202688044306
0.551335746917, 0.813776824, -0.0585256832832, -0.000204491891115
0.553067586609, 0.8080972818, -0.0593957675779, -0.000206316221006
0.554810340594, 0.8024177396, -0.0602846314079, -0.000208161395184
0.556564112372, 0.7967381974, -0.0611928142366, -0.000210027757131
0.558329006756, 0.7910586552, -0.0621208750026, -0.000211915391959
0.560105129896, 0.785379113, -0.0630693929706, -0.000213824627569
0.561892589293, 0.7796995708, -0.0640389686239, -0.000215755921113
0.563691493827, 0.7740200286, -0.0650302246038, -0.000217709137829
0.565501953776, 0.7683404864, -0.0660438066984, -0.000219685138994
0.56732408084, 0.7626609442, -0.0670803848816, -0.000221683617916
0.569157988162, 0.756981402, -0.0681406544093, -0.000223705558668
0.571003790354, 0.7513018598, -0.0692253369709, -0.000225750624024
0.57286160352, 0.7456223176, -0.0703351819062, -0.00022781953475
0.574731545277, 0.7399427754, -0.0714709674848, -0.000229912358543
0.576613734787, 0.7342632332, -0.0726335022566, -0.000232029536454
0.578508292776, 0.728583691, -0.0738236264779, -0.000234171431094
0.580415341559, 0.7229041488, -0.0750422136119, -0.0002363381003
0.582335005075, 0.7172246066, -0.0762901719181, -0.000238530236605
0.584267408904, 0.7115450644, -0.0775684461285, -0.000240747817444
0.5862126803, 0.7058655222, -0.0788780192176, -0.000242991498093
0.588170948216, 0.70018598, -0.0802199142757, -0.000245261270393
0.590142343335, 0.6945064378, -0.0815951964899, -0.000247557780977
0.592126998099, 0.6888268956, -0.0830049752379, -0.000249880966944
0.594125046735, 0.6831473534, -0.0844504063076, -0.000252231721034
0.596136625289, 0.6774678112, -0.0859326942444, -0.000254610151959
0.598161871657, 0.671788269, -0.0874530948412, -0.000257016388038
0.600200925615, 0.6661087268, -0.0890129177765, -0.000259451169811
0.602253928885, 0.6604291845, -0.0906135294404, -0.000261914418256
0.604321025028, 0.6547496423, -0.092256355791, -0.000264407021661
0.606402359693, 0.6490701001, -0.0939428856744, -0.000266928776416
0.608498080504, 0.6433905579, -0.0956746740621, -0.000269480324508
0.610608337132, 0.6377110157, -0.0974533456365, -0.000272062416115
0.612733281335, 0.6320314735, -0.0992805985732, -0.000274674590668
0.614873066988, 0.6263519313, -0.101158208568, -0.000277317874393
0.617027850123, 0.6206723891, -0.103088033118, -0.000279992456515
0.619197788968, 0.6149928469, -0.105072016091, -0.000282698639926
0.621383043985, 0.6093133047, -0.107112192583, -0.000285436857864
0.623583777908, 0.6036337625, -0.109210694106, -0.000288207447596
0.625800155784, 0.5979542203, -0.111369754119, -0.000291010884361
0.628032345018, 0.5922746781, -0.113591713938, -0.000293847554259
0.630280515409, 0.5865951359, -0.115879029044, -0.000296717732076
0.632544839196, 0.5809155937, -0.118234275824, -0.000299621671462
0.634825491105, 0.5752360515, -0.120660158789, -0.000302560329708
0.637122648388, 0.5695565093, -0.123159518297, -0.000305533667812
0.639436490873, 0.5638769671, -0.125735338811, -0.000308541831677
0.641767201011, 0.5581974249, -0.128390757775, -0.000311585489218
0.64411496392, 0.5525178827, -0.131129075109, -0.000314665017406
0.646479967439, 0.5468383405, -0.133953763413, -0.000317781079818
0.648862402176, 0.5411587983, -0.136868478921, -0.000320933514381
0.651262461559, 0.5354792561, -0.139877073275, -0.000324123230571
0.653680341886, 0.5297997139, -0.142983606193, -0.000327350106392
0.656116242386, 0.5241201717, -0.146192359093, -0.0003306146045
0.658570365263, 0.5184406295, -0.14950784979, -0.000333917374019
0.661042915762, 0.5127610873, -0.15293484832, -0.000337258462726
0.66353410222, 0.5070815451, -0.156478394024, -0.000340638520098
0.666044136126, 0.5014020029, -0.160143814003, -0.000344057710602
0.668573232184, 0.4957224607, -0.16393674305, -0.000347516369702
0.671121608367, 0.4900429185, -0.167863145223, -0.000351014619296
0.673689485989, 0.4843633763, -0.171929337201, -0.000354553214299
0.676277089806, 0.478683834, -0.176142013662, -0.000358131871627
0.678884647904, 0.4730042918, -0.180508274445, -0.000361751447714
0.68151239204, 0.4673247496, -0.185035654797, -0.000365411737845
0.684160557526, 0.4616452074, -0.189732157475, -0.000369113693235
0.686829383344, 0.4559656652, -0.194606288064, -0.000372857042234
0.689519112223, 0.450286123, -0.199667093355, -0.000376641662312
0.692229990705, 0.4446065808, -0.204924203187, -0.000380468705704
0.694962269229, 0.4389270386, -0.210387876108, -0.000384337144485
0.697716202199, 0.4332474964, -0.216069049261, -0.000388248124269
0.700492048072, 0.4275679542, -0.221979392953, -0.000392201367074
0.703290069432, 0.421888412, -0.228131370404, -0.000396196895347
0.706110533075, 0.4162088698, -0.234538303251, -0.000400235003344
0.708953710095, 0.4105293276, -0.24121444346, -0.000404315197221
0.71181987597, 0.4048497854, -0.248175052351, -0.000408438559137
0.71470931065, 0.3991702432, -0.255436487563, -0.000412603551104
0.717622298651, 0.393490701, -0.26301629889, -0.000416811484674
0.720559129143, 0.3878111588, -0.270933334021, -0.000421061002187
0.723520096053, 0.3821316166, -0.279207855378, -0.000425352347998
0.726505498156, 0.3764520744, -0.287861669406, -0.000429685071408
0.729515639181, 0.3707725322, -0.296918269845, -0.000434059606235
0.732550827911, 0.36509299, -0.306402996737, -0.00043847473137
0.735611378288, 0.3594134478, -0.316343213186, -0.000442929974872
0.738697609525, 0.3537339056, -0.326768502146, -0.000447425035208
0.741809846213, 0.3480543634, -0.337710885889, -0.000451959191178
0.744948418435, 0.3423748212, -0.349205071167, -0.000456531398886
0.748113661887, 0.336695279, -0.361288723582, -0.000461141378106
0.751305917993, 0.3310157368, -0.374002775165, -0.000465786579566
0.75452553403, 0.3253361946, -0.387391769856, -0.000470468423231
0.757772863253, 0.3196566524, -0.401504252283, -0.000475183185611
0.761048265025, 0.3139771102, -0.416393206161, -0.00047993076082
0.764352104949, 0.308297568, -0.432116549613, -0.000484709153426
0.767684755004, 0.3026180258, -0.448737696029, -0.000489517093372
0.771046593745, 0.2969384835, -0.466326190811, -0.000494352000642
0.774438006209, 0.2912589413, -0.484958433938, -0.000499211455872
0.777859384415, 0.2855793991, -0.504718506929, -0.000504093306145
0.78131112728, 0.2798998569, -0.525699114483, -0.000508996286494
0.784793640836, 0.2742203147, -0.548002664825, -0.000513914734348
0.788307338383, 0.2685407725, -0.571742510119, -0.00051884719293
0.79185264066, 0.2628612303, -0.597044374796, -0.000523790083272
0.795429976006, 0.2571816881, -0.6240480048, -0.00052873859725
0.799039780536, 0.2515021459, -0.65290907729, -0.000533688397434
0.802682498319, 0.2458226037, -0.683815894532, -0.000538635922553
0.806358581558, 0.2401430615, -0.716938181305, -0.000543574680566
0.810068490778, 0.2344635193, -0.752521817995, -0.000548498483998
0.813812695019, 0.2287839771, -0.790799598935, -0.000553402427046
0.817591672032, 0.2231044349, -0.832038049761, -0.000558278070678
0.821405908485, 0.2174248927, -0.8765794307, -0.000563116883522
0.825255900167, 0.2117453505, -0.92476877408, -0.000567913125448
0.829142152209, 0.2060658083, -0.977015365909, -0.000572654322201
0.833065179302, 0.2003862661, -1.03377348972, -0.000577331399201
0.837025505921, 0.1947067239, -1.09560882463, -0.000581932886031
0.841023666566, 0.1890271817, -1.16312660908, -0.000586446663406
0.845060205995, 0.1833476395, -1.23704420942, -0.000590855462487
0.849135679478, 0.1776680973, -1.31819569592, -0.000595146774169
0.853250653045, 0.1719885551, -1.40757079056, -0.000599300131138
0.857405703754, 0.1663090129, -1.5062838425, -0.000603300349662
0.861601419958, 0.1606294707, -1.61569938924, -0.000607119603706
0.865838401582, 0.1549499285, -1.7374359054, -0.000610738513197
0.870117260412, 0.1492703863, -1.87337763291, -0.000614129032914
0.874438620385, 0.1435908441, -2.02585622885, -0.000617256627479
0.878803117897, 0.1379113019, -2.19762524665, -0.000620093564638
0.883211402112, 0.1322317597, -2.39211664333, -0.000622597706704
0.887664135285, 0.1265522175, -2.61349224825, -0.000624723029931
0.892161993094, 0.1208726753, -2.86695711839, -0.000626401315264
0.896705665063, 0.115193133, -3.15897197956, -0.000627612733014
0.901295854591, 0.1095135908, -3.49780436524, -0.000628272019395
0.905933279797, 0.1038340486, -3.89398070093, -0.000628306923638
0.910618673543, 0.09815450644, -4.36121086242, -0.000627624792121
0.91535278403, 0.09247496424, -4.91750256747, -0.000626121540735
0.920136375006, 0.08679542203, -5.58698128235, -0.000623681493635
0.924970226279, 0.08111587983, -6.4025443915, -0.000620154295989
0.929855134153, 0.07543633763, -7.409920923, -0.000615362218718
0.934791911845, 0.06975679542, -8.67419616061, -0.000609102789486
0.939781389907, 0.06407725322, -10.2906740627, -0.000601098838824
0.944824416746, 0.05839771102, -12.4031760356, -0.000591039503104
0.949921859077, 0.05271816881, -15.2370886299, -0.000578496454622
0.955074602393, 0.04703862661, -19.1620331446, -0.000562926711967
0.960283551535, 0.04135908441, -24.8182795109, -0.000543587187914
