# L/R, R/(L+R), T, F, S, lmax, nmax, time

0.0356795422 0.9655496312 0.1768170426 -33.39391493 -8.052208101e-06 163 1190 185514
0.0356795422 0.9655496312 0.1902255639 -33.3939147 -1.958630474e-05 163 1106 172261
0.0356795422 0.9655496312 0.2036340852 -33.39391445 -1.826460687e-05 163 1033 161836
0.0356795422 0.9655496312 0.2170426065 -33.39391422 -1.440848531e-05 163 969 151519
0.0356795422 0.9655496312 0.2304511278 -33.39391403 -2.10061921e-05 163 913 138762
0.0356795422 0.9655496312 0.2438596491 -33.39391365 -2.671707773e-05 163 863 131216
0.0356795422 0.9655496312 0.2572681704 -33.39391331 -3.420567397e-05 163 818 124551
0.0356795422 0.9655496312 0.2706766917 -33.39391277 -2.863342168e-05 163 777 118141
0.0356795422 0.9655496312 0.284085213 -33.39391249 -4.027064294e-05 163 741 115210
0.0356795422 0.9655496312 0.2974937343 -33.39391172 -4.195418195e-05 163 707 110067
0.0356795422 0.9655496312 0.3109022556 -33.39391139 -3.62908352e-05 163 677 105274
0.0356795422 0.9655496312 0.3243107769 -33.39391067 -5.586046366e-05 163 649 100998
0.0356795422 0.9655496312 0.3377192982 -33.39390993 -6.159521891e-05 163 623 96930.3
0.0356795422 0.9655496312 0.3511278195 -33.39390904 -6.393709912e-05 163 599 93435.3
0.0356795422 0.9655496312 0.3645363409 -33.39390828 -4.544812844e-05 163 577 89753.8
0.0356795422 0.9655496312 0.3779448622 -33.39390775 -4.872532763e-05 163 557 87120.3
0.0356795422 0.9655496312 0.3913533835 -33.3939069 -7.409753551e-05 163 538 81988.6
0.0356795422 0.9655496312 0.4047619048 -33.39390583 -7.926459309e-05 163 520 80875.8
0.0356795422 0.9655496312 0.4181704261 -33.39390486 -5.595768791e-05 163 503 78224.1
0.0356795422 0.9655496312 0.4315789474 -33.39390424 -6.287821717e-05 163 488 74368.3
0.0356795422 0.9655496312 0.4449874687 -33.39390312 -8.729563963e-05 163 473 74355.4
0.0356795422 0.9655496312 0.45839599 -33.39390203 -6.862833312e-05 163 459 71398.5
0.0356795422 0.9655496312 0.4718045113 -33.39390128 -5.115683998e-05 163 446 69256.2
0.0356795422 0.9655496312 0.4852130326 -33.39390054 -7.270332541e-05 163 434 67773.1
0.0356795422 0.9655496312 0.4986215539 -33.39389939 -7.646294297e-05 163 422 65549.5
0.0356795422 0.9655496312 0.5120300752 -33.39389859 -5.017626307e-05 163 411 64409.7
0.0356795422 0.9655496312 0.5254385965 -33.39389799 -3.769878071e-05 163 401 62442.7
0.0356795422 0.9655496312 0.5388471178 -33.39389746 -6.065455773e-05 163 391 59623.9
0.0356795422 0.9655496312 0.5522556391 -33.39389644 -6.256140116e-05 163 381 57989.9
0.0356795422 0.9655496312 0.5656641604 -33.39389593 -1.725761456e-05 163 372 57843.7
0.0356795422 0.9655496312 0.5790726817 -33.39389579 -3.87150379e-05 163 364 56640.4
0.0356795422 0.9655496312 0.592481203 -33.39389499 -2.319779088e-05 163 355 61086
0.0356795422 0.9655496312 0.6058897243 -33.3938952 2.218209885e-06 163 348 54300.6
0.0356795422 0.9655496312 0.6192982456 -33.39389497 2.809734073e-07 163 340 52843.4
0.0356795422 0.9655496312 0.6327067669 -33.39389525 1.597518893e-05 163 333 51888.3
0.0356795422 0.9655496312 0.6461152882 -33.39389534 7.410333282e-06 163 326 51472.1
0.0356795422 0.9655496312 0.6595238095 -33.39389558 4.123194097e-05 163 319 52235.2
0.0356795422 0.9655496312 0.6729323308 -33.39389642 6.482670272e-05 163 313 47616.7
0.0356795422 0.9655496312 0.6863408521 -33.39389724 6.467445665e-05 163 307 47934.3
0.0356795422 0.9655496312 0.6997493734 -33.39389818 7.058667931e-05 163 301 46906.8
0.0356795422 0.9655496312 0.7131578947 -33.39389925 0.0001088671431 163 295 45860.4
0.0356795422 0.9655496312 0.726566416 -33.39390113 0.0001577424915 163 290 45108.2
0.0356795422 0.9655496312 0.7399749373 -33.39390336 0.0001721637693 163 285 44271.4
0.0356795422 0.9655496312 0.7533834586 -33.39390568 0.0001710204172 163 280 43494.9
0.0356795422 0.9655496312 0.7667919799 -33.39390797 0.0001791845394 163 275 42699.7
0.0356795422 0.9655496312 0.7802005013 -33.39391051 0.0001879384904 163 270 42037.9
0.0356795422 0.9655496312 0.7936090226 -33.39391316 0.0002400071937 163 265 45452.1
0.0356795422 0.9655496312 0.8070175439 -33.39391699 0.0003051998468 163 261 40577.9
0.0356795422 0.9655496312 0.8204260652 -33.39392117 0.000314568222 163 257 40087.8
0.0356795422 0.9655496312 0.8338345865 -33.39392544 0.0003329919609 163 253 39329.5
0.0356795422 0.9655496312 0.8472431078 -33.39393012 0.0003585576182 163 249 38579.1
0.0356795422 0.9655496312 0.8606516291 -33.39393505 0.0003806290002 163 245 38382.3
0.0356795422 0.9655496312 0.8740601504 -33.39394037 0.00040974539 163 241 37573.9
0.0356795422 0.9655496312 0.8874686717 -33.39394616 0.0004797598685 163 237 36742.1
0.0356795422 0.9655496312 0.900877193 -33.39395308 0.0004971319331 163 234 36338.9
